#idx	atoms.symbols	etot  (Har)	ehf  (Har)	eccsd  (Har)	eccsdt  (Har)
0	LiF	-107.30594205452202	-106.97904009260569	-107.29740279226468	-0.008539262257347208
1	ClH	-460.4234539515636	-460.1003633107454	-460.41426849616977	-0.009185455393847184
2	H	-0.49981791563042005	-0.49981791563041994	-0.49981791563042005	None
3	N2O	-184.47881912470217	-183.74826102365162	-184.44239712785554	-0.036421996846639416
4	HON2	-184.9490151278093	-184.20368512300104	-184.9119484945345	-0.03706663327480741
5	OH	-75.66226710345316	-75.41883529012948	-75.65656750652823	-0.005699596924922271
6	CH3	-39.78390619967431	-39.57704969806815	-39.77889489326568	-0.005011306408636445
7	CH4O	-115.43257745801931	-114.96604160932576	-115.41906901325507	-0.01350844476424367
8	FH	-100.36474186611619	-100.05733758826463	-100.35752534316634	-0.007216522949851678
9	F	-99.64090370770167	-99.40180901601875	-99.63670732274578	-0.0041963849558846085
10	HF2	-199.83347024469631	-199.26064260365428	-199.81370468506992	-0.01976555962639025
11	O	-74.9941612045406	-74.80934013429186	-74.99083919612062	-0.0033220084199858317
12	C	-37.79908296667829	-37.69025250742052	-37.79681847880304	-0.002264487875248481
13	H	-0.49981791563042005	-0.49981791563041994	-0.49981791563042005	None
14	F	-99.64090370770164	-99.4018090160187	-99.63670732274575	-0.0041963849558846
15	Cl	-459.75483999758484	-459.47719342404093	-459.74801874833105	-0.0068212492537668675
16	N	-54.533964139104654	-54.39889247897422	-54.5314541621502	-0.002509976954455134
17	Li	-7.447596712081991	-7.432026884831444	-7.447579451221102	-1.726086088832922e-05
