#idx	atoms.symbols	etot  (Har)	ehf  (Har)	eccsd  (Har)	eccsdt  (Har)
0	LiF	-107.30594204460795	-106.97904009260586	-107.29740278340181	-0.008539261206138203
1	ClH	-460.4234539512129	-460.1003633107449	-460.41426849586986	-0.00918545534302935
2	H	-0.49981791563041994	-0.49981791563041966	-0.49981791563041994	None
3	N2O	-184.47881912676775	-183.7482610236511	-184.4423971294741	-0.03642199729363013
4	HON2	-184.9490151278092	-184.20368512300087	-184.91194849453436	-0.037066633274819544
5	OH	-75.66226710345306	-75.41883529012941	-75.65656750652813	-0.0056995969249220586
6	CH3	-39.7839061996743	-39.57704969806818	-39.778894893265665	-0.00501130640863605
7	CH4O	-115.43257745801925	-114.96604160932738	-115.419069013255	-0.013508444764255374
8	FH	-100.36474186540146	-100.0573375882646	-100.35752534251168	-0.007216522889782918
9	F	-99.64090370770153	-99.40180901601862	-99.63670732274564	-0.00419638495588418
10	HF2	-199.83347024469674	-199.26064260365453	-199.81370468507035	-0.01976555962639053
11	Li	-7.4475967120819835	-7.432026884831437	-7.447579451221095	-1.726086088832893e-05
12	C	-37.79908296667825	-37.690252507420496	-37.796818478803	-0.0022644878752483303
13	N	-54.533964139104604	-54.39889247897418	-54.53145416215015	-0.0025099769544541144
14	O	-74.99416120454057	-74.80934013429183	-74.99083919612059	-0.003322008419985482
15	H	-0.49981791563042	-0.49981791563041966	-0.49981791563042	None
16	Cl	-459.7548399975839	-459.47719342404014	-459.7480187483301	-0.006821249253764035
17	F	-99.64090370770153	-99.40180901601862	-99.63670732274564	-0.00419638495588418
18	OH2OH2	-152.31270733401288	-151.73231581080816	-152.2949011882476	-0.017806145765297012
19	OH2OH2	-152.33307035505143	-151.7855006540134	-152.3190506011487	-0.014019753902751708
