#idx	atoms.symbols	etot  (Har)	ehf  (Har)	eccsd  (Har)	eccsdt  (Har)
0	LiF	-107.30594205575414	-106.97904009260589	-107.29740279338255	-0.008539262371595453
1	ClH	-460.423453950468	-460.1003633107445	-460.4142684952081	-0.009185455259934682
2	H	-0.49981791563041994	-0.49981791563041966	-0.49981791563041994	None
3	N2O	-184.47881912707766	-183.74826102365145	-184.4423971297202	-0.036421997357439256
4	HON2	-184.94901512780913	-184.20368512300087	-184.9119484945343	-0.037066633274841866
5	OH	-75.66226710345303	-75.41883529012938	-75.6565675065281	-0.0056995969249220525
6	N2	-109.41912930530748	-108.98179276765427	-109.3999027384506	-0.019226566856875127
7	HON2	-184.94901512780885	-184.20368512300115	-184.91194849453407	-0.037066633274789824
8	OH	-75.66226710345306	-75.41883529012941	-75.65656750652813	-0.0056995969249220586
9	CH3	-39.78390619967431	-39.577049698068194	-39.77889489326568	-0.00501130640863613
10	CH4O	-115.43257745801925	-114.96604160932738	-115.419069013255	-0.013508444764258684
11	FH	-100.36474186711402	-100.0573375882645	-100.35752534406076	-0.007216523053261878
12	F	-99.64090370770153	-99.40180901601862	-99.63670732274564	-0.004196384955884181
13	HF2	-199.8334702446966	-199.26064260365442	-199.8137046850702	-0.01976555962639051
14	Li	-7.2507995134877525	-7.235839582260129	-7.2507995134877525	-3.6852898403319654e-21
15	Li	-7.4475967120819835	-7.432026884831437	-7.447579451221095	-1.7260860888328924e-05
16	Li	-7.4475967120819835	-7.432026884831437	-7.447579451221095	-1.726086088832894e-05
17	C	-37.79908296667825	-37.690252507420496	-37.796818478803	-0.0022644878752483303
18	N	-54.533964139104604	-54.39889247897418	-54.53145416215015	-0.002509976954454114
19	O	-74.99416120454057	-74.80934013429183	-74.99083919612059	-0.0033220084199854834
20	H	-0.49981791563042	-0.49981791563041966	-0.49981791563042	None
21	Cl	-459.75483999758455	-459.47719342404076	-459.74801874833076	-0.006821249253764026
22	F	-99.64090370770153	-99.40180901601862	-99.63670732274564	-0.00419638495588418
23	OH2OH2	-152.3127073340124	-151.73231581080768	-152.2949011882471	-0.017806145765297574
24	OH2OH2	-152.33307035505183	-151.7855006540138	-152.3190506011491	-0.014019753902750844
