2.289409796608409264e-01
2.037563145900246619e-01
1.582124777265657978e-01
1.061346486338059919e-01
9.750174776242108432e-02
1.149624326890453241e-01
1.163761021888402442e-01
1.024938043329505083e-01
8.762592690650898575e-02
9.188988407207361597e-02
9.843601480260409653e-02
8.924336576548300148e-02
8.085120033248778537e-02
8.347188129048756233e-02
8.679458687900536151e-02
8.166785752019943556e-02
7.386790504731129137e-02
7.621271962277052781e-02
7.799149608449296167e-02
7.264268750981761613e-02
6.708355734327456354e-02
7.189657713140640283e-02
7.046485331669043173e-02
6.372725903928255775e-02
6.626975136798379795e-02
6.697060860437609175e-02
6.227115314784940903e-02
5.945437245717534458e-02
6.072418128966328155e-02
5.744175955865402083e-02
5.374101449343969550e-02
5.368593538229058520e-02
5.174256519261834913e-02
4.760895102192547884e-02
4.588545578141755427e-02
4.473937574867369732e-02
4.092017742064039260e-02
3.975956773181129472e-02
3.742939209952062668e-02
3.393244437882785014e-02
3.213457089309528641e-02
3.004587399596608810e-02
2.761874874465570021e-02
2.663699104577289811e-02
2.457735813755760126e-02
2.339184063222858254e-02
2.226208844904140755e-02
2.173939803423981590e-02
2.094025896293436745e-02
2.041922018496046889e-02
1.904473518939284182e-02
1.857550881265197448e-02
1.752468729289590604e-02
1.713867836436305456e-02
1.664365900431221887e-02
1.586746300609962954e-02
1.572146388202192921e-02
1.498103961517084984e-02
1.436364329338313088e-02
1.413327625546827865e-02
1.381393515277968241e-02
1.331323147895785430e-02
1.295115408756036118e-02
1.272015257978480023e-02
1.253937762788582926e-02
1.241469672576779246e-02
1.268595248967569096e-02
1.324957815784903910e-02
1.341625793474596033e-02
1.227623328905254677e-02
1.145200803677780266e-02
1.134889036489069962e-02
1.153114022805032217e-02
1.263536413350516488e-02
1.174412766151969670e-02
1.114000146893972740e-02
1.065071569923271497e-02
1.181210461553888584e-02
1.210726269155475328e-02
1.140296386887719622e-02
1.360643323488493033e-02
1.109478317264218569e-02
1.453401652609751828e-02
1.189896014289496505e-02
1.303795938912780984e-02
1.074865746370443423e-02
1.343240898635322290e-02
1.146378497208626508e-02
1.454489887284158081e-02
1.506412731431033998e-02
1.050163488322814441e-02
1.380897168641175878e-02
1.093228370786493257e-02
1.373127840701140849e-02
1.261682285840990889e-02
1.154000376245172335e-02
1.442802599260516357e-02
1.072686343004609043e-02
1.287224433531045792e-02
1.258715766325390305e-02
1.001916196324048602e-02
1.160114810273630247e-02
8.813140076320075816e-03
9.564363788751983203e-03
9.595610069544494372e-03
8.872640326320829079e-03
9.834584082043053288e-03
7.962092262356260455e-03
1.078797215696811196e-02
8.728816235492846062e-03
1.050829295194158873e-02
8.072073610660429263e-03
1.054642425209433021e-02
8.520236024593379892e-03
1.071288501953979698e-02
8.567295370446348021e-03
1.124187274438408733e-02
9.672593811870770428e-03
1.154047020435902508e-02
1.120874180525661436e-02
9.583212720007746807e-03
1.125897330927876604e-02
7.751293768614442303e-03
1.154367469498748626e-02
9.642202465129175518e-03
9.974740266380772644e-03
9.984690771004367180e-03
9.110198937312886935e-03
9.721040863577209978e-03
8.189582912412323584e-03
7.785628038619872224e-03
8.913743349129765042e-03
7.560317530755649926e-03
1.021752538540332024e-02
8.809537379345038985e-03
9.851458012673678516e-03
9.838061121171241818e-03
7.711085311506125049e-03
7.792704423684686417e-03
7.862916852741543353e-03
6.701411500786689027e-03
8.807433494564965298e-03
7.042471364361874674e-03
1.002200488303449724e-02
9.976428375423193259e-03
7.180214205901224757e-03
9.388911959647599018e-03
7.793262238875777251e-03
1.070350930067217980e-02
8.538406679821570686e-03
9.022284079545575194e-03
8.473098148925687842e-03
9.101506964515759454e-03
1.019646016317810218e-02
6.412252027592917764e-03
9.561515426295567888e-03
7.372042164718256053e-03
9.987229054154335775e-03
1.007898173740548464e-02
6.932053156806671466e-03
1.039402623928421462e-02
8.855652018192265718e-03
8.403180011761688523e-03
8.517049401014973459e-03
6.958911496814663977e-03
7.410137450102667611e-03
7.227940104325898153e-03
5.786956431680529214e-03
7.825344663886171434e-03
6.609818774485873814e-03
8.048048657442173973e-03
8.143834632042094845e-03
7.545232038678496844e-03
6.295269102060812964e-03
8.771161400922640114e-03
7.593406996681310861e-03
8.316378265191390687e-03
8.561209762801792397e-03
6.445381705506037298e-03
6.794760426133850811e-03
7.091485556819297938e-03
6.604340763457544790e-03
7.626020186197349053e-03
6.456492224415764057e-03
7.412923611347175222e-03
5.997077935842822470e-03
8.715786057985355773e-03
7.771031546797640445e-03
7.100111711957442749e-03
7.468880492862896119e-03
6.615513546455572581e-03
7.559508700732615535e-03
5.489975996973538684e-03
7.042761530571667143e-03
5.434035271277374950e-03
6.294257888220158165e-03
6.327252390484347337e-03
5.707127668916260263e-03
7.445110719333201087e-03
5.910246831061012618e-03
8.151470932533110697e-03
7.779951141116925664e-03
6.331895504129076736e-03
6.311139951541290538e-03
6.235682170919437661e-03
5.934833710015607541e-03
6.419683014371645180e-03
5.604151863588835783e-03
8.186453223391206360e-03
8.201195990428641544e-03
5.032643719654924901e-03
7.519560632351241468e-03
5.891557291008631646e-03
8.089021078452409558e-03
7.261550771691178269e-03
6.906960795699803105e-03
7.201168974274469239e-03
5.685561593198515049e-03
7.317742158318826275e-03
5.034774946027987391e-03
6.874304988142483121e-03
5.679199110401646385e-03
5.343531336532132345e-03
5.813780715280990850e-03
5.288862647272866459e-03
5.643635911575840998e-03
5.482316677329082677e-03
5.276691975180212643e-03
6.196064264677590000e-03
5.175298535392743211e-03
5.599287428354738499e-03
5.173117501193639188e-03
5.780390861729930302e-03
4.450396129865887701e-03
5.314211325467506353e-03
4.678116792723190434e-03
4.443828217088500315e-03
4.464145001293754259e-03
4.773586194221557041e-03
4.705179949940846776e-03
4.676922895789486015e-03
4.528229978194045664e-03
4.554068302633760591e-03
4.449473724313265412e-03
4.624072975332908092e-03
4.844370307666668804e-03
4.275582123385075588e-03
4.116329355381950598e-03
4.111124250913797407e-03
4.465310130000260669e-03
4.489354263832066524e-03
4.561770139505073006e-03
4.342119696914674594e-03
4.331865352367033836e-03
4.392417435968480957e-03
4.351878430186866160e-03
4.349665672706337638e-03
4.504124337803802267e-03
4.252661510227987059e-03
4.179270493648259976e-03
3.921851555064427217e-03
3.925780975289132682e-03
4.337541536590824170e-03
4.952456497776775574e-03
3.810791048968154189e-03
4.300723692848505350e-03
5.590557371603362136e-03
4.157524612202619443e-03
7.169043867778713414e-03
5.621395083301694920e-03
7.002397306591592874e-03
7.048768087755200203e-03
4.979453942002168981e-03
6.306245798910713012e-03
5.249094739986706615e-03
5.575069436744145394e-03
4.919965315730599753e-03
4.891608448100374061e-03
4.895890224490255342e-03
4.454056998354157665e-03
5.476257654706179895e-03
5.169219640215391189e-03
4.837199096504127965e-03
4.858343621297432115e-03
5.209521356738705360e-03
4.947047773552565308e-03
5.986470177460004836e-03
4.318644001959292059e-03
6.555602600434627149e-03
5.469738637100537287e-03
6.075277042525455834e-03
6.446317930818696446e-03
5.226651133670085977e-03
6.483424447717756750e-03
4.055778191715448538e-03
5.907136557102028035e-03
4.538410378028630635e-03
6.429318959335324560e-03
5.522872459302149116e-03
5.415945144612631032e-03
5.826204374518503641e-03
4.568198923911684015e-03
5.585234962910005756e-03
4.119035410229442487e-03
5.109737237757499932e-03
3.891205136579181136e-03
4.200655617551270725e-03
4.836327429509786752e-03
4.022688670736612043e-03
4.637103984288317576e-03
3.705691112407732968e-03
3.959919497851883095e-03
4.326141760541758405e-03
3.622618559183972756e-03
4.738109793549426588e-03
3.784942589713505799e-03
5.442339465399112508e-03
4.424450084478170897e-03
5.652122033642183532e-03
5.507348463478607507e-03
4.414360595550250593e-03
4.794605001263346593e-03
4.881171660831257024e-03
3.860165674632916408e-03
5.745696106277438028e-03
3.995886358510446733e-03
6.655234457864323168e-03
6.245739859386778038e-03
4.501109037425432211e-03
5.612935100671808883e-03
3.843712458102063224e-03
5.051053713951226057e-03
3.556545152749780638e-03
4.604322906815785758e-03
4.169479394789955308e-03
4.025968446999508149e-03
4.489079526126042892e-03
3.823265237704027639e-03
4.806885111909089091e-03
4.098505989082824874e-03
4.876551615321137595e-03
4.382461998612172810e-03
4.722884474171544153e-03
4.375566691662803424e-03
4.882198516114049855e-03
4.679483074633331539e-03
5.004356240769951454e-03
4.116561790819341787e-03
5.352938093494505334e-03
4.361469207854401856e-03
5.489997502625663245e-03
5.274131521909090209e-03
4.820623081093767560e-03
5.448244908231422018e-03
3.767869864014554426e-03
5.167537066194920897e-03
4.829659255811049462e-03
4.757260354296917459e-03
4.281358927574169249e-03
4.845094706774096156e-03
3.931305684383859002e-03
4.896997816177455637e-03
4.484421697965630324e-03
4.578367699694228625e-03
3.753916347601789303e-03
5.033831120180686479e-03
3.731207056861929067e-03
5.120344614701384175e-03
5.251711593790244458e-03
3.615754085319956932e-03
4.414262859602332417e-03
4.700662416381686491e-03
3.666411723376244384e-03
4.583552403095767121e-03
4.254922214189480779e-03
3.798533584581437715e-03
4.388414381991704097e-03
4.384633326480998246e-03
3.925070546410359788e-03
4.223643377474473569e-03
3.808561348644348438e-03
4.423108486523652343e-03
4.383932631082938618e-03
3.643707930925731836e-03
3.743545863278974380e-03
3.997767899470055890e-03
3.305670506046967921e-03
3.886222830363806301e-03
3.800553099221827720e-03
3.386451281765140691e-03
3.450395993105722422e-03
3.746427410836313410e-03
3.484103184525123593e-03
3.794591815645067916e-03
3.734475489010135457e-03
3.611525980017135564e-03
3.909987451090436890e-03
3.245025420599088883e-03
4.366878975055221712e-03
3.556622239338172280e-03
4.222590894241465623e-03
3.263592062273588251e-03
4.145780663343629109e-03
3.642659240556369877e-03
4.319944416015702830e-03
3.862425268740922370e-03
3.987221951936148825e-03
3.484748574531797323e-03
3.626705341306618417e-03
3.301814467160205623e-03
3.745246635946704403e-03
3.187355724201054383e-03
3.542321064363790524e-03
3.769605404744483246e-03
3.356907911495088295e-03
4.047365553496990245e-03
3.562388229537060899e-03
3.672655888746348581e-03
4.176991367609608242e-03
3.509255462125827375e-03
4.247112367144749434e-03
3.268577996699513228e-03
4.178474117792238367e-03
3.333791922070368854e-03
3.425916432045972120e-03
4.115913018865935413e-03
3.547172852776119597e-03
4.849500775534976160e-03
4.671925659280518582e-03
3.430607368542234938e-03
3.960386391904398458e-03
3.789538168280460594e-03
3.452549701228266495e-03
4.327827911295063952e-03
3.424606496994051560e-03
4.790325405520115543e-03
4.106117407279893244e-03
4.733665084882562532e-03
4.028735262727422585e-03
4.579260494631792917e-03
3.960250210899487339e-03
4.746007635276935227e-03
4.580330793027821007e-03
4.076052224006464567e-03
4.179068419520886105e-03
3.908629821190218526e-03
3.932176525089156084e-03
3.915682283719342481e-03
3.584192058212271742e-03
4.229244872470686901e-03
3.788235184032587820e-03
4.211910252001063379e-03
3.590383926966460131e-03
4.411331962948669694e-03
3.869297023278150515e-03
4.153753335851342876e-03
3.764292157122091625e-03
4.024501089575889881e-03
3.513793795600714080e-03
4.241189613736696257e-03
3.502682684535190702e-03
4.659721975245064741e-03
4.150370614471077767e-03
4.297426370217489501e-03
4.332010159755286111e-03
3.748354480273898524e-03
3.812044245786498902e-03
3.869754139903129435e-03
3.543455445076814422e-03
4.112946241388817925e-03
3.525877046617223280e-03
4.534671890674598846e-03
4.129381360037703320e-03
4.036088909602379704e-03
3.911705213016335170e-03
3.983286298534630988e-03
3.871151485539296895e-03
3.939018653044044915e-03
3.807758402273046534e-03
3.862182813838217332e-03
3.551177578095908796e-03
3.879751701685371559e-03
3.456155117927351295e-03
4.180139731115375089e-03
3.714174493093763945e-03
4.101538655272300021e-03
3.804865225974190471e-03
3.862580584338310384e-03
3.620363486180612836e-03
3.927756189368242570e-03
3.631060769410651701e-03
3.991217673358509604e-03
3.706327029701266332e-03
3.821774055942254306e-03
3.552040954338227599e-03
3.980176930783641334e-03
3.632843113888976124e-03
3.932693270446533350e-03
3.551449304895880170e-03
3.886579011888588019e-03
3.628038119507489070e-03
3.727088349935833277e-03
3.438321087565993344e-03
3.861759960795505854e-03
3.475302332953560547e-03
3.971251166923510031e-03
3.626133900728556111e-03
3.923583884920658037e-03
3.644035195551867563e-03
3.881127898274440349e-03
3.716779752438779602e-03
3.749151176818882065e-03
3.620262365689193729e-03
3.668000174028014475e-03
3.442400415687354737e-03
3.756899807921108662e-03
3.427698550027907624e-03
3.749750615270754095e-03
3.359851327990010222e-03
3.824747712686370725e-03
3.462955135144454855e-03
3.759680914685258144e-03
3.380204607415305054e-03
3.753441688175776069e-03
3.456763289314180535e-03
3.650780321219268369e-03
3.315427387127169861e-03
3.687227139494654495e-03
3.364183584250886577e-03
3.609991468910346210e-03
3.252740250411662384e-03
3.844434667736684394e-03
3.431255481922743707e-03
3.871005822836412567e-03
3.611483573642140267e-03
3.688309687735236240e-03
3.543229251565875506e-03
3.583922338080768044e-03
3.397835540528027810e-03
3.705029913943085583e-03
3.485160109103688491e-03
3.635193173682237534e-03
3.383575848897068736e-03
3.733419265487761089e-03
3.470491868513236617e-03
3.634464478274771360e-03
3.372821910881280798e-03
3.574177494335446272e-03
3.403005694814088388e-03
3.425528446789359149e-03
3.169594732760622115e-03
3.444296312865558450e-03
3.113054197248377869e-03
3.494543915800963838e-03
3.012157806494076065e-03
3.534178725669363808e-03
2.989449604779721020e-03
3.575244362343826376e-03
3.000220051232440656e-03
3.680196402694472114e-03
3.178755433654909847e-03
3.780374585189094205e-03
3.527515484999890674e-03
3.312525606219002706e-03
3.248473656968158679e-03
3.387141504412219655e-03
3.042239528571155129e-03
3.648890129251028836e-03
3.251303704776958240e-03
3.629257437165871961e-03
3.271028312675850966e-03
3.542445567488953801e-03
3.229178849782591600e-03
3.561710037146988660e-03
3.253953104688080220e-03
3.462026648364183515e-03
3.232151648079166668e-03
3.495386009720739037e-03
3.227974459766847198e-03
3.434734553410043970e-03
3.233266008134000249e-03
3.264177380874310874e-03
3.131095394298884314e-03
3.331804340991650557e-03
3.077977228395684280e-03
3.322652544042546414e-03
3.136717576626348470e-03
3.543126985303714227e-03
3.415118680168124053e-03
3.265922549987804960e-03
3.305886741005201711e-03
3.132582585997899585e-03
3.058027926094956852e-03
3.256504694004062894e-03
2.992391384714756641e-03
3.332180517945143496e-03
2.932143254226045499e-03
3.515630031233388762e-03
3.141578795894298722e-03
3.386104998357930204e-03
3.237756813997519183e-03
3.327749391420244379e-03
3.189632205269844062e-03
3.351414873742603918e-03
2.999912534922285264e-03
3.439115237833045326e-03
3.001576976156940593e-03
3.266870697406343022e-03
2.866157809601033602e-03
3.400070725650909849e-03
2.906273359876883084e-03
3.494575084659298000e-03
3.102009008736436677e-03
3.295684981849521938e-03
3.171260407938614276e-03
3.399240867833357681e-03
3.414430035577344872e-03
3.039459757215739327e-03
3.149579803466054546e-03
3.118224390663155640e-03
3.035702782428071483e-03
3.168795119092020825e-03
2.980394583796181027e-03
3.247023020925641785e-03
3.003035215480563767e-03
3.282460535332773835e-03
3.071382702716978028e-03
3.152727810235380658e-03
3.060788640498194029e-03
3.107470586028102111e-03
3.084426229123045111e-03
3.107398559256283575e-03
2.963306835507556122e-03
3.111850666571674799e-03
3.085436252853324211e-03
3.177084968890759014e-03
2.780257101172903342e-03
3.311123431039926426e-03
2.815407833194968987e-03
3.314114732601574839e-03
3.031191306467543971e-03
3.057920442478089321e-03
2.988843416392683063e-03
3.158334893677208245e-03
2.968871808520142860e-03
3.387723191370572203e-03
3.172390418691682212e-03
3.011277704450066126e-03
2.999818499218793490e-03
3.032512874881387616e-03
2.968565974451030116e-03
3.046885979749160752e-03
2.918441135450080756e-03
3.110594306175472508e-03
2.978094477055435660e-03
3.049250708202178202e-03
2.942346856975199768e-03
3.060415512984306866e-03
2.978621366326751792e-03
2.945191434487575474e-03
2.865120061784141251e-03
3.007144689510377403e-03
2.922284198739927546e-03
2.913716980306253063e-03
2.828459648348015647e-03
2.856928497764472767e-03
2.768005750785179284e-03
2.840454886929037661e-03
2.721124818595045160e-03
2.771424461678991241e-03
2.683179424718988224e-03
2.750787012317537812e-03
2.668993810519254290e-03
2.689558258200228438e-03
2.688336653767423815e-03
2.648411707366178040e-03
2.620514920832913396e-03
2.755137817831996086e-03
2.548737987195282689e-03
2.655713890757823489e-03
2.638936608941029258e-03
2.594406814801848444e-03
2.560656588282513978e-03
2.587070113239913448e-03
2.664421360667694645e-03
2.537678484061895411e-03
2.531707272269310190e-03
2.550790389791621985e-03
2.572312319234707021e-03
2.607057538862306203e-03
2.592112223530220957e-03
2.532345544423532380e-03
2.504376482795741318e-03
2.543709596719864394e-03
2.624356134021887769e-03
2.531396025282045114e-03
2.499930288618486349e-03
2.512753282789282391e-03
2.600216495398750046e-03
2.615071774626341865e-03
2.510530199595161546e-03
2.487038845839581978e-03
2.480895092273189845e-03
2.508658459377505201e-03
2.558214499619226260e-03
2.597935547606652733e-03
2.530141231672247432e-03
2.471043349631785353e-03
2.544885567362344808e-03
2.645351845131019199e-03
2.455862888802743706e-03
2.536331084805050311e-03
2.693502443886655259e-03
2.470206476321381173e-03
2.520996845375629482e-03
2.764419154667355043e-03
2.462186241699105497e-03
2.945070223221741158e-03
2.509613725333469884e-03
3.078113701187088803e-03
2.777096027366861113e-03
3.149363577323650767e-03
3.081696013686731524e-03
2.707519238145465398e-03
2.791650172568012952e-03
2.784162328945800902e-03
2.713912356845283105e-03
2.980498222507755538e-03
2.883756469258759794e-03
2.886904127965111196e-03
2.918733795743614409e-03
2.796824215865128995e-03
2.747065509471575961e-03
2.857062359024474703e-03
2.717752254249597866e-03
2.978186586184872631e-03
2.990947367759763491e-03
2.693672064900156250e-03
2.796189066510659099e-03
2.924164659744701075e-03
2.675114342909757151e-03
2.980289367956627088e-03
2.624752005016480448e-03
3.070300331140918271e-03
2.830773863626940331e-03
2.832362924623982141e-03
2.699165408752598073e-03
2.895154001144182015e-03
2.711644728011934624e-03
2.849915232965325590e-03
2.756937872573080300e-03
2.754594451114061437e-03
2.758559016853181448e-03
2.725644015665623903e-03
2.625775574443684358e-03
2.859135979491807169e-03
2.733359471318039594e-03
2.823599717182849120e-03
2.766019473002272536e-03
2.777127525927610818e-03
2.837613126883081847e-03
2.563847015980379954e-03
2.617284986937998444e-03
2.662027363616897846e-03
2.571924570218211362e-03
2.713188994603499011e-03
2.519923846825209215e-03
2.705568647138964153e-03
2.555807190265846698e-03
2.768632124042557079e-03
2.636017004397374006e-03
2.750442349161602920e-03
2.722440615901007294e-03
2.652613347878443346e-03
2.676313912976998732e-03
2.578017455587711376e-03
2.587800252547818071e-03
2.625005509984714314e-03
2.555840431018633740e-03
2.603438065896686564e-03
2.515005610553146080e-03
2.574796014055494037e-03
2.478938586825290159e-03
2.547399791673084397e-03
2.430016112948749432e-03
2.548607434424142969e-03
2.436472173616267053e-03
2.504375360960323788e-03
2.486358291063994232e-03
2.468975122332528645e-03
2.470770993095385178e-03
2.489229692392430204e-03
2.391768771301593186e-03
2.491210482104689716e-03
2.390024693512516653e-03
2.455320333168477601e-03
2.450309284157998688e-03
2.456773586059539209e-03
2.381784663917481826e-03
2.499806728045329569e-03
2.426577506892243531e-03
2.438462111017405520e-03
2.400184156116376855e-03
2.524618940095705016e-03
2.442946715037672394e-03
2.433739030656587379e-03
2.406347928855837818e-03
2.466004202717255248e-03
2.383333131563905236e-03
2.415477678363316116e-03
2.377061543891781197e-03
2.410668403587295887e-03
2.374489715081898669e-03
2.415692755977048856e-03
2.384640748176893206e-03
2.430233150842572333e-03
2.388105073435590683e-03
2.393968563605949895e-03
2.366656676850237284e-03
2.430403361923470177e-03
2.407865929222078108e-03
2.381424436876281719e-03
2.365387111551433500e-03
2.429086207977144193e-03
2.362699156958990732e-03
2.356569931463343721e-03
2.349608006603835959e-03
2.372476523072620906e-03
2.346569538166342391e-03
2.364255581546279884e-03
2.340751319410668777e-03
2.355937948567830408e-03
2.345145711259547221e-03
2.361360496998141274e-03
2.328552045828252877e-03
2.335157584413260438e-03
2.329764310645021218e-03
2.352748846759370512e-03
2.346441508029512880e-03
2.338122664361264556e-03
2.316834301916565354e-03
2.320168963460601721e-03
2.323193614836470237e-03
2.350689199618187855e-03
2.360011561252206135e-03
2.330842159559164996e-03
2.310903815702279596e-03
2.328313801900590025e-03
2.370225854350064762e-03
2.329195140357074537e-03
2.316612761952591311e-03
2.317850792002451674e-03
2.342665537397498315e-03
2.330003628848031569e-03
2.305218652909453436e-03
2.303263722017950040e-03
2.310994699860240750e-03
2.306149363831199936e-03
2.314567206106421873e-03
2.316674021820308051e-03
2.315245726805516008e-03
2.302919121546947480e-03
2.291491576893712589e-03
2.296344155235933993e-03
2.309160063344038987e-03
2.324585150954535436e-03
2.305464040952655454e-03
2.292052855030950707e-03
2.291520145042721772e-03
2.311566906077247661e-03
2.315040762147177814e-03
2.292442375731564789e-03
2.287965526313002606e-03
2.288153320830244985e-03
2.293896606799133639e-03
2.303056619822572981e-03
2.292176927336820550e-03
2.288444967254857094e-03
2.280434180010346926e-03
2.282886617417460504e-03
2.300454569304013607e-03
2.294122336041155841e-03
2.282677798158033039e-03
2.275822173929349049e-03
2.280117204984484156e-03
2.296890741554556258e-03
2.289390254973512444e-03
2.275503389790314510e-03
2.272043410125437583e-03
2.277018431414494417e-03
2.282165888062824294e-03
2.276981400218182783e-03
2.269738008782530136e-03
2.267852368168426190e-03
2.269982823681502594e-03
2.270458879088926157e-03
2.265885520308627814e-03
2.265025870264210026e-03
2.267757567467249425e-03
2.266501082182743008e-03
2.264341003537633304e-03
2.261692933131201691e-03
2.262741420471399856e-03
2.264994766939246260e-03
2.264213687699583640e-03
2.261241884842358444e-03
2.258718714438260559e-03
2.259886889128082804e-03
2.261909218770636470e-03
2.260481086735736164e-03
2.257447622754909806e-03
2.256089450845508680e-03
2.257326723887886303e-03
2.257514921790067415e-03
2.254414165664230321e-03
2.254280816891452051e-03
2.255126954840471973e-03
2.253075876141257417e-03
2.252108616388746095e-03
2.252985326930008123e-03
2.251795265728717688e-03
2.250423880090953333e-03
2.250596996547560291e-03
2.250173042550622157e-03
2.248953607697348756e-03
2.248773999838670542e-03
2.248948965109688093e-03
2.248014222417263862e-03
2.247100745839880880e-03
2.247311724640350429e-03
2.246735590195046185e-03
2.245711285490333258e-03
2.245765533183825911e-03
2.245218689492697525e-03
2.244442861061322642e-03
2.244267876485591881e-03
2.243846285424534129e-03
2.243207056338141284e-03
2.242962875458164550e-03
2.242503898703053240e-03
2.242046050256978843e-03
2.241743938472406591e-03
2.241320484749213197e-03
2.240959041022361556e-03
2.240636795956142419e-03
2.240236734093215953e-03
2.239891124159140365e-03
2.239593732814886256e-03
2.239212657801636051e-03
2.238916743356327965e-03
2.238619177534297011e-03
2.238267101894001864e-03
2.238018028135633185e-03
2.237665833445684222e-03
2.237387577237156481e-03
2.237084102716583797e-03
2.236797386262927029e-03
2.236536746237100665e-03
2.236250975926815879e-03
2.236012770155931112e-03
2.235722416950304894e-03
2.235486901981218952e-03
2.235229644754033185e-03
2.235000804570108027e-03
2.234763435485571069e-03
2.234544402464995992e-03
2.234318052239429690e-03
2.234114326228599408e-03
2.233898340288913154e-03
2.233703330011568497e-03
2.233506052863588626e-03
2.233317955812115941e-03
2.233139042745145835e-03
2.232960321355018096e-03
2.232795408613630871e-03
2.232630179218746819e-03
2.232472195916758179e-03
2.232323225366753070e-03
2.232177610831421587e-03
2.232039279049679963e-03
2.231909020021698511e-03
2.231782271373231041e-03
2.231662825902017058e-03
2.231550221152204735e-03
2.231442202083388365e-03
2.231341212568449788e-03
2.231247138390938470e-03
2.231158587042135835e-03
2.231076486912441596e-03
2.231000835248393363e-03
2.230931093256513856e-03
2.230867643919579642e-03
2.230810581040797679e-03
2.230759673063097137e-03
2.230714954143694136e-03
2.230676653362971378e-03
2.230644603920384130e-03
2.230618777168844220e-03
2.230599244865935898e-03
2.230586072569721613e-03
