6.827698301835021244e-01
6.339757574516317051e-01
5.544975292675989875e-01
4.403103841870100177e-01
3.376798932995164759e-01
3.021004092701328192e-01
2.967730146189281881e-01
2.967788545378059473e-01
2.984694985504307008e-01
3.007755362122288001e-01
3.025984085478325980e-01
3.038350204976430491e-01
3.044827292092743276e-01
3.046424789909921715e-01
3.043838863453244281e-01
3.038106793381641912e-01
3.029346804893680578e-01
3.017776492433236202e-01
3.003464571092817059e-01
2.986255117558559435e-01
2.965695299683495656e-01
2.941407971215395656e-01
2.912891158484355314e-01
2.878642856361869340e-01
2.837709919669608727e-01
2.788489964648735442e-01
2.728483497679086711e-01
2.655534240065646201e-01
2.571510413137209627e-01
2.478976459278589006e-01
2.378289593412720448e-01
2.272965769637254607e-01
2.411361597026551173e-01
2.223796465866444971e-01
2.085136290478112886e-01
2.107271767906416238e-01
2.140578956649716591e-01
2.139939387109540403e-01
2.070741458638886423e-01
1.940989926225026307e-01
1.849901952427066010e-01
1.914588742229742235e-01
1.850461330895502576e-01
1.709627562362670827e-01
1.728713578987740029e-01
1.717312419681981672e-01
1.638150185418734694e-01
1.597251063674993143e-01
1.599982313224334596e-01
1.528749956176235492e-01
1.476765626872588444e-01
1.474864356868181847e-01
1.390006165254646375e-01
1.365900937802702053e-01
1.322248433799443068e-01
1.254549481743445494e-01
1.221450647671751960e-01
1.130181878835369441e-01
1.119743815344751425e-01
1.038683921196269511e-01
1.028906825884233073e-01
9.697064560819165790e-02
9.598149650116701015e-02
9.483080473370171515e-02
8.921562423529688646e-02
9.329055260395852089e-02
8.238016468618077071e-02
8.359526581888779284e-02
8.117353025163079328e-02
7.430276776706300212e-02
7.299157410383526334e-02
7.368063276683638196e-02
6.944515238904018506e-02
6.554749560366567029e-02
6.711052447933896214e-02
6.350239836623965128e-02
5.930366112702121356e-02
5.895982927296599535e-02
5.874623747284282715e-02
5.485660720807667562e-02
5.806497853701445694e-02
6.820446940096416832e-02
6.097693901843273534e-02
7.150996166368141227e-02
5.834166621397469943e-02
7.563492055077765397e-02
7.721470416055015162e-02
5.859603147737166978e-02
8.371299162941492344e-02
7.546327742306731257e-02
6.041861432748292515e-02
7.394343448570094013e-02
6.376622108739826711e-02
6.171343160593142224e-02
6.831747971452424573e-02
5.376816016422744648e-02
6.017267412953108269e-02
5.850991488497073872e-02
5.574459673326043890e-02
5.598609833999834001e-02
5.240499581949850660e-02
5.547253667350090373e-02
5.169939067248616876e-02
5.131792374127921302e-02
5.157294941093295421e-02
5.181269255677135865e-02
5.102488258379959951e-02
4.972578634650838547e-02
5.083437079439294404e-02
5.041203025871167365e-02
4.875589714953589004e-02
4.932389004303473767e-02
4.960146841713752169e-02
4.789982619026674632e-02
4.943510333122602685e-02
5.065967506446183294e-02
4.786965005478407975e-02
5.241583392797775215e-02
4.816748297364584902e-02
4.959619243833103541e-02
4.733323333397902039e-02
4.810075204508412056e-02
4.947182625333072792e-02
4.756787859314631078e-02
5.142108805524401444e-02
4.628171074130602719e-02
4.689532810016610459e-02
4.741431207671985976e-02
4.607239884707493155e-02
4.455814317711132705e-02
4.752014300503452915e-02
4.600789559199905399e-02
4.366806517768866136e-02
4.719073652307845257e-02
4.720870091520217721e-02
4.298438711623304986e-02
4.825593623566756113e-02
4.487540121344094080e-02
4.268000226310765532e-02
4.478293110464317411e-02
4.583424584790880829e-02
4.259789760570338590e-02
4.161931574968729536e-02
4.180286536281335730e-02
4.434580395649700274e-02
4.375194217010271863e-02
4.283902135801533062e-02
4.161028495648803893e-02
4.173948499731655604e-02
4.475559115905812513e-02
4.354317539031326428e-02
4.162605104448550281e-02
4.072060529196986495e-02
4.187995745202376802e-02
4.298313199300087678e-02
4.135462529583582014e-02
4.115128163325827704e-02
4.229405520713523658e-02
4.318190498147361778e-02
4.067868064967668923e-02
3.984585646545962118e-02
3.981928383834278107e-02
4.111848690218616875e-02
4.247815038157719270e-02
4.096272327956195641e-02
4.023953220588533802e-02
4.005593411221063105e-02
4.116122304115246711e-02
4.168878535401956964e-02
3.901723900617910107e-02
3.821051475296090988e-02
3.808030689750737524e-02
3.872769915599420104e-02
4.160482087636181714e-02
4.017647391286655045e-02
3.856283773592112524e-02
3.771092662418965014e-02
3.838440823750324804e-02
3.937567257980358754e-02
3.994809362302351174e-02
4.008666487018203856e-02
3.860911338324445746e-02
3.805717520057848996e-02
4.287492695022498967e-02
3.939320310788605589e-02
3.801145565353138828e-02
4.453664649046013002e-02
3.963978082030800154e-02
4.256438512079616793e-02
3.877563753820965214e-02
3.786040260778786998e-02
3.904768641781666827e-02
4.093432570358148531e-02
3.738039615837021601e-02
3.800350389150199820e-02
3.871534870024296443e-02
3.796584158971921114e-02
3.619253671243875120e-02
3.608536317356894618e-02
3.603819432201608997e-02
3.684326377515130535e-02
3.924950748413431195e-02
3.644365141442409278e-02
3.581311504008952845e-02
3.616484955201607066e-02
3.633424249829497743e-02
3.790862220604395566e-02
3.756924526814572896e-02
3.537090560605168216e-02
3.532586103055324750e-02
3.714421869732489889e-02
3.905054787709204972e-02
3.600947102790496429e-02
3.481509245717450546e-02
3.637445962386902376e-02
3.776319911297363469e-02
3.714802133940757478e-02
3.460951808116386613e-02
3.496140831138171146e-02
3.750841734799065241e-02
3.585995261354875396e-02
3.382432410372029907e-02
3.450294717005524675e-02
3.527712503725356774e-02
3.681836169568889622e-02
3.617616217316233646e-02
3.389170353416245257e-02
4.004611566891069091e-02
3.564503339704457041e-02
3.638371209525360916e-02
4.055781603019820852e-02
3.663577488107313401e-02
4.008794133134988003e-02
3.449327246588438506e-02
3.928767694428550450e-02
3.594656664408878849e-02
3.447551392026340644e-02
3.949324924326462483e-02
3.547400485591639674e-02
3.696576848928527503e-02
3.583887264162014669e-02
3.457137242469282556e-02
3.459604855768950993e-02
3.532077597266508606e-02
3.406733971914791687e-02
3.358331759388668430e-02
3.589485559600409659e-02
3.426740886602861608e-02
3.218016872766966963e-02
3.381493970566291918e-02
3.332133165980886991e-02
3.173897612651109534e-02
3.294669343877660445e-02
3.249319286704846488e-02
3.174090830184968931e-02
3.302674543479040131e-02
3.168193618986474974e-02
3.169964376660303063e-02
3.199195565586161749e-02
3.109470912732517286e-02
3.232566012505322384e-02
3.182626676993001447e-02
3.173333534759951308e-02
3.366531350308556853e-02
3.200530405626001579e-02
3.098165696141142594e-02
3.538268808620085443e-02
3.300099323212787178e-02
3.016312205958498333e-02
3.280698589871547388e-02
3.372876802342941044e-02
3.100291053544977637e-02
3.347875372499903995e-02
3.604385016758476085e-02
3.217209937074873294e-02
3.680611637712046663e-02
3.068053574986904369e-02
3.347481558032941451e-02
3.304825934540848303e-02
2.964349020248262939e-02
3.435816678868350293e-02
3.206767403379401360e-02
3.013725572719186743e-02
3.281103026442327292e-02
3.160562394392478491e-02
3.217353003164381831e-02
3.247607909783881142e-02
2.951108989615503289e-02
3.159174805650823842e-02
3.309669958278320390e-02
2.932977722100469850e-02
3.203431108444682734e-02
3.174072368183313703e-02
2.895057653101528253e-02
3.150156661582427520e-02
3.164468694976885904e-02
2.924615263180439448e-02
3.175723623689804404e-02
3.029231346639597172e-02
2.915309035502917229e-02
3.018706721965479234e-02
3.014083331283869474e-02
2.839791069316806651e-02
2.960201845019893446e-02
3.012982313445585272e-02
2.823108648735695239e-02
2.873378388806623399e-02
3.046218143295226569e-02
2.772587453676641014e-02
3.203054384175812314e-02
2.967369588122072133e-02
3.058632888871607586e-02
3.107320622454594686e-02
2.845848093689715141e-02
3.127111984452458221e-02
2.806092358939773698e-02
2.829155107038505701e-02
3.016209271397354494e-02
2.742029281457008388e-02
2.896596012814218329e-02
2.908906963015500668e-02
2.725228793618023754e-02
2.978717244891909005e-02
2.819974463186258884e-02
2.702321088054740472e-02
2.748765990199187118e-02
2.740287257702737553e-02
2.626077851803482535e-02
2.642121426576553647e-02
2.736038101438624526e-02
2.621895976687466795e-02
2.625332389469667294e-02
2.799386885879171991e-02
2.597249391966655746e-02
2.573294994576713624e-02
2.645817291140879768e-02
2.640896779179971801e-02
2.519622156622028375e-02
2.463363567944345384e-02
2.488662736798594524e-02
2.569274914944771893e-02
2.664772847331738082e-02
2.571291928726798445e-02
2.445469016433550816e-02
2.460901080339716190e-02
2.641504687326672041e-02
2.488557860778280173e-02
2.457371837455328903e-02
2.496535695847932126e-02
2.438201516524779455e-02
2.462428930313015352e-02
2.615447150819404792e-02
2.401481138091848128e-02
2.349136731551917240e-02
2.355443835965562172e-02
2.540036077026410280e-02
2.668078249713643282e-02
2.318070627367829761e-02
2.375631902758276043e-02
2.762553336513087418e-02
2.300305736446933702e-02
2.545472627744242364e-02
2.919724757019524081e-02
2.420920740654008627e-02
3.457281497971133322e-02
2.754810427589235791e-02
3.626701714211624794e-02
3.550935862969466922e-02
2.594628169120617028e-02
3.006138392683636862e-02
2.561870910711645799e-02
2.595172314872717240e-02
2.681028537025834102e-02
2.271942339624987220e-02
2.823405426836633064e-02
2.353564249698497993e-02
2.934506939672376288e-02
2.386862529214735587e-02
2.847471470994802911e-02
2.249700315445633467e-02
3.130707077103738606e-02
2.428191378288323959e-02
3.413412233741114354e-02
3.300927072977771076e-02
2.399193595560014658e-02
2.879671663762791226e-02
2.410414007197824587e-02
2.498664188381366502e-02
2.481540992576141552e-02
2.241573283805866831e-02
2.716306862144328080e-02
2.261624403428223046e-02
2.960956997990752890e-02
2.400503636129089347e-02
3.003314775769803241e-02
2.858800715531849973e-02
2.526799995176965893e-02
2.573231932179023337e-02
2.546139781145377937e-02
2.526923720057502529e-02
2.419187753305139521e-02
2.298840998213937808e-02
2.634249536254426594e-02
2.413764617195901865e-02
2.605517909825185580e-02
2.301829319532424853e-02
2.763246878429168746e-02
2.616129830878409154e-02
2.406674518234187474e-02
2.371399719462570499e-02
2.525688033465435522e-02
2.467338619226737764e-02
2.338452556390594600e-02
2.207339028940968895e-02
2.444287200660694506e-02
2.262073708887370194e-02
2.453392786050882790e-02
2.183319327368673721e-02
2.529450632283626252e-02
2.327785318939943823e-02
2.422046940542036536e-02
2.221648010017157615e-02
2.477157548173643253e-02
2.366807484261334096e-02
2.287502800914161666e-02
2.166116661203381158e-02
2.347858162790377248e-02
2.228924572717493405e-02
2.301115286981565353e-02
2.107165099668261224e-02
2.384338344818302466e-02
2.204492770962438244e-02
2.331365614715848536e-02
2.122195782480148715e-02
2.346422220498609740e-02
2.207110650320581388e-02
2.283707567447704201e-02
2.117673306553298496e-02
2.352750674446121501e-02
2.240527850525949813e-02
2.211851084367642828e-02
2.119463292762891263e-02
2.254480966062803737e-02
2.173244818773738957e-02
2.171737189143145910e-02
2.038880819599672364e-02
2.215969196241678735e-02
2.072435429002624646e-02
2.212552786186925205e-02
1.982137309933224706e-02
2.234749761282627672e-02
2.050009874780477775e-02
2.230006421232172062e-02
1.992194209898298651e-02
2.254287560037368174e-02
2.081677898957271650e-02
2.207224205893076538e-02
2.007674591774920303e-02
2.229199518126090754e-02
2.105132630406548327e-02
2.137719379401029768e-02
1.993304754731020298e-02
2.155958940421912051e-02
2.047806172521005399e-02
2.097213829310941649e-02
1.935683826424985585e-02
2.130190263168285636e-02
1.981998672753750718e-02
2.114381543845117797e-02
1.912050046293739536e-02
2.120070785797388557e-02
1.953590195323040915e-02
2.127952752682629387e-02
1.906762941033533429e-02
2.139259292109283589e-02
1.976407558240471721e-02
2.104861823430786635e-02
1.913501761719729743e-02
2.117962076393275009e-02
1.992851852972276835e-02
2.049791136363638203e-02
1.901729717715562942e-02
2.058416285351819669e-02
1.940630172072281903e-02
2.033120103010954347e-02
1.861557859901005751e-02
2.044188158380977685e-02
1.894629489708208811e-02
2.042378555900316653e-02
1.843907246297899274e-02
2.035014301236608841e-02
1.879845912207889908e-02
2.032818978686636371e-02
1.828087233892373986e-02
2.031784106937567155e-02
1.879239278294000601e-02
2.013916635822932469e-02
1.828369640191209941e-02
2.016164803519583312e-02
1.875674901788985591e-02
2.000033601060428531e-02
1.812749780676118153e-02
1.996072844747447811e-02
1.857174174874508601e-02
1.980926895917763456e-02
1.805656989909083104e-02
1.980099382945862269e-02
1.848092232181560227e-02
1.950980655802485655e-02
1.789176897720212711e-02
1.945648811779227688e-02
1.819217765993529426e-02
1.949769766499366216e-02
1.768634187772419319e-02
1.939799598140939940e-02
1.804842108239238310e-02
1.902118558387767833e-02
1.737000664225092292e-02
1.891882437042580536e-02
1.752298979619113309e-02
1.891920854540700067e-02
1.708555658576020250e-02
1.877773281164363608e-02
1.720495242838558647e-02
1.885331585785696498e-02
1.687746322198648702e-02
1.861632449923797047e-02
1.695734696557359839e-02
1.866784134633830625e-02
1.675920045163582436e-02
1.840176715347955141e-02
1.682690751152011999e-02
1.837634012094724323e-02
1.666717004626987186e-02
1.783442918569148883e-02
1.667723895581595117e-02
1.757397948384638656e-02
1.693957071668502137e-02
1.682678305902150437e-02
1.709490965484089173e-02
1.641786047299105197e-02
1.697813777492860818e-02
1.634833170970568725e-02
1.662217696145623994e-02
1.649557171736592415e-02
1.635220996524376982e-02
1.670235622966968411e-02
1.618599475696312628e-02
1.638007191245534344e-02
1.624058947702307354e-02
1.607495702372353785e-02
1.627622919032840898e-02
1.603694782135745706e-02
1.610397817894343789e-02
1.616325265982092654e-02
1.592962972893788298e-02
1.601659323867243162e-02
1.604242561705792117e-02
1.582407223140396696e-02
1.590182145790671256e-02
1.593945448560101993e-02
1.575435972139615712e-02
1.580632483086886683e-02
1.589399721347185129e-02
1.567587367267998799e-02
1.573689377686057767e-02
1.587117115373918100e-02
1.564699283193686161e-02
1.563559349783636906e-02
1.582851618752133607e-02
1.561022387252272714e-02
1.551035425276792862e-02
1.568079693424543480e-02
1.564117964224770105e-02
1.550538710792857995e-02
1.541015599435809763e-02
1.552764303877321450e-02
1.561161362615548151e-02
1.532920594244766357e-02
1.551521125098735514e-02
1.572386572630114082e-02
1.547327267067495453e-02
1.536914412857540331e-02
1.559806703489185001e-02
1.559852363545192848e-02
1.527754780092616289e-02
1.524080220133070332e-02
1.529230700068387114e-02
1.524501511651806668e-02
1.523345114921721526e-02
1.510341404742095855e-02
1.506678485569650991e-02
1.511459961023553858e-02
1.519668606462273690e-02
1.523600541445794057e-02
1.510861243478103452e-02
1.501704141073996641e-02
1.503541764938755819e-02
1.489891873948363116e-02
1.499760242838589150e-02
1.505512661710618413e-02
1.500673895556573108e-02
1.499385840192134396e-02
1.479362150720625775e-02
1.489691720916454937e-02
1.484813658398766861e-02
1.483580405210148043e-02
1.501156773998567513e-02
1.473267992347407178e-02
1.494075687536384166e-02
1.507616615210070204e-02
1.513492344199092107e-02
1.505600141585700623e-02
1.485577293364245127e-02
1.559429592743743868e-02
1.479703705849364122e-02
1.484700353568529918e-02
1.467851009982883842e-02
1.479940931687306720e-02
1.456681198100594557e-02
1.455613755960344022e-02
1.470939627862878629e-02
1.457652904956487951e-02
1.459107956975152359e-02
1.443773749861859343e-02
1.450285445060142502e-02
1.442014335723289763e-02
1.441727474185502088e-02
1.456742607046139677e-02
1.485060011928663291e-02
1.448224308201775945e-02
1.435396587808202874e-02
1.429416478403398860e-02
1.429237114165165384e-02
1.437875035556503839e-02
1.443456802715785761e-02
1.467476446558401738e-02
1.438830444964031563e-02
1.423592430412504856e-02
1.433625780521200974e-02
1.475141876670276603e-02
1.503556928442582701e-02
1.424235189699897194e-02
1.430147307040418973e-02
1.486127931400169425e-02
1.422483465510749820e-02
1.425186541486129707e-02
1.511095058413547583e-02
1.445089201516695093e-02
1.423035137166835280e-02
1.500208806893944986e-02
1.430240192546654125e-02
1.438333567768301964e-02
1.541701069128427991e-02
1.409594187031944744e-02
1.532569726506772742e-02
1.538664727426345379e-02
1.423329971191307323e-02
1.634872839821629661e-02
1.408679979394190235e-02
1.541555181290639627e-02
1.466270288891577400e-02
1.439802337218721619e-02
1.547186022936688013e-02
1.421784415060032246e-02
1.597311051042423630e-02
1.429420409257729091e-02
1.536239301647914293e-02
1.502087874902462150e-02
1.427482462953889863e-02
1.581774851376031854e-02
1.435538783429002666e-02
1.645987601636026212e-02
1.435462536454064700e-02
1.574224159269069570e-02
1.462920451682791535e-02
1.523469177033526939e-02
1.457240722777979232e-02
1.471186286427798515e-02
1.448000542099067700e-02
1.386784412118837774e-02
1.444597604502476096e-02
1.395699902744858972e-02
1.383370635898877390e-02
1.408492721012332208e-02
1.381501998201121670e-02
1.381022898113076942e-02
1.387385086740586942e-02
1.365148324065859446e-02
1.415226491262788940e-02
1.386317718046848474e-02
1.365375966218791877e-02
1.391106863428679882e-02
1.395538609284002578e-02
1.360501834359475505e-02
1.397643863826664341e-02
1.380913050413771700e-02
1.356334202702360117e-02
1.401458765541073979e-02
1.369420129768950285e-02
1.355482992450626756e-02
1.386757826996927456e-02
1.359399745594260835e-02
1.349401072048520174e-02
1.371910406086824553e-02
1.351967641699910842e-02
1.341828332140644620e-02
1.358711762751654319e-02
1.355053914696018220e-02
1.338189945450274712e-02
1.368800123923361901e-02
1.363572109992628248e-02
1.335846942248050326e-02
1.378393660077643738e-02
1.367945466535270410e-02
1.335017364808172360e-02
1.396266569816328323e-02
1.348350693530813230e-02
1.337892971159129231e-02
1.380675632301063896e-02
1.329221547026233040e-02
1.348377213284911863e-02
1.353964567309441300e-02
1.320778655155055090e-02
1.344859957103696282e-02
1.333184731625158825e-02
1.316994766539864720e-02
1.328811321304560790e-02
1.322973335124719672e-02
1.313756188052030323e-02
1.321264975925944864e-02
1.315145524047206527e-02
1.310402148324837750e-02
1.314754377929670641e-02
1.314506882829002271e-02
1.306917353713200024e-02
1.307986878560153665e-02
1.310834616333113843e-02
1.304839925647058481e-02
1.303221459613229834e-02
1.305216010118893412e-02
1.303277596856684643e-02
1.299944973982497358e-02
1.298801927637388033e-02
1.299964381197484323e-02
1.298229942029094190e-02
1.295799945654694217e-02
1.295033956452215293e-02
1.295542631061610654e-02
1.294439204729617293e-02
1.291807322980114553e-02
1.290821324823249010e-02
1.290907417582981206e-02
1.290436500341815562e-02
1.288302679559778091e-02
1.287214618500182040e-02
1.287609595917220580e-02
1.287640323575166106e-02
1.284496331561197843e-02
1.283813575458782504e-02
1.283931919825568972e-02
1.283621087073306619e-02
1.280507043380815606e-02
1.280813796056130306e-02
1.280770176960446989e-02
1.280000911322167444e-02
1.277040790336637227e-02
1.278036944407412445e-02
1.277575672323074882e-02
1.275582051427474189e-02
1.273902448321252191e-02
1.275302473745925855e-02
1.273291129077902019e-02
1.272319618712458578e-02
1.270367991502707912e-02
1.271224638980928030e-02
1.268949939893780805e-02
1.268062737724791854e-02
1.267423591612213199e-02
1.267227723507700389e-02
1.265472847981095883e-02
1.264794963274508757e-02
1.264252916693876794e-02
1.263875333751874816e-02
1.262292044172335162e-02
1.261562036803735333e-02
1.261390261648463740e-02
1.260170335446786014e-02
1.258979191900054528e-02
1.258804720215861428e-02
1.258066904863558086e-02
1.256846944058128725e-02
1.256760146926397259e-02
1.255779108131187954e-02
1.254836302541717345e-02
1.253952721091917792e-02
1.253432094228732786e-02
1.252580962002055806e-02
1.251818878199669784e-02
1.251705432891571899e-02
1.250574047160265927e-02
1.249868738558123499e-02
1.249200110241137363e-02
1.248563006694148290e-02
1.247664687864715252e-02
1.247128354070916462e-02
1.246711316459945922e-02
1.245759359891828767e-02
1.245524147883636870e-02
1.244432637420063263e-02
1.243887007663282973e-02
1.243043298283872528e-02
1.242629764972993413e-02
1.241762409001869773e-02
1.241484427837839279e-02
1.240661426085783517e-02
1.240039084792366950e-02
1.239458236209282915e-02
1.238725376719632641e-02
1.238347032750299580e-02
1.237606634811239288e-02
1.236992864144782420e-02
1.236614815550391398e-02
1.235783520072751725e-02
1.235418170478618134e-02
1.234446516418450865e-02
1.234019517784274746e-02
1.233510876313914477e-02
1.232885160961699929e-02
1.232202846717047467e-02
1.231857153751295814e-02
1.231058092179190995e-02
1.230490082556064471e-02
1.230161308010056451e-02
1.229374586163241127e-02
1.229176154713497449e-02
1.228387182004521232e-02
1.227906065115584588e-02
1.227523203475676741e-02
1.226688150908737153e-02
1.226390232860876187e-02
1.225678261516656431e-02
1.225361651128190413e-02
1.224647003080707452e-02
1.224241433526548559e-02
1.223663948875192142e-02
1.223106745326092010e-02
1.222539109260905275e-02
1.222151058854119461e-02
1.221583958522902066e-02
1.220922755855027332e-02
1.220802314905319527e-02
1.220023657079075639e-02
1.219537796580377580e-02
1.219002370763869886e-02
1.218487681225910793e-02
1.218107242527721214e-02
1.217487805604515645e-02
1.217022603190333688e-02
1.216596212039547723e-02
1.216064115971528248e-02
1.215731828040670856e-02
1.215125967500773133e-02
1.214822777745919700e-02
1.214295094185870345e-02
1.213833211864424888e-02
1.213306692786821940e-02
1.212954867323540013e-02
1.212450411103675567e-02
1.212117904980195698e-02
1.211572028771622234e-02
1.211246401536859169e-02
1.210759194959016086e-02
1.210368586490171740e-02
1.209895366813138959e-02
1.209575291946831353e-02
1.209162648159610269e-02
1.208571194857480276e-02
1.208339150185985117e-02
1.207765558708439983e-02
1.207417385318600329e-02
1.206965675968245215e-02
1.206619632853766881e-02
1.206197977138478115e-02
1.205835556229407218e-02
1.205399161545945078e-02
1.205086476199909544e-02
1.204609054309003190e-02
1.204366612178290642e-02
1.203920114496581650e-02
1.203531382507519107e-02
1.203120479171628822e-02
1.202794364501239520e-02
1.202402228925491742e-02
1.202067279837343468e-02
1.201651488217003044e-02
1.201312647823262955e-02
1.200950105995569894e-02
1.200614089096447255e-02
1.200252826063123897e-02
1.199912169430713930e-02
1.199577689307236052e-02
1.199231728860566948e-02
1.198900336670682444e-02
1.198572144077261065e-02
1.198242256264045284e-02
1.197921412149587778e-02
1.197602586249503151e-02
1.197283816754515610e-02
1.196970406578173364e-02
1.196666060522930987e-02
1.196356983327128039e-02
1.196054607457608561e-02
1.195753348639624208e-02
1.195460413137242398e-02
1.195166679823051262e-02
1.194879680163052696e-02
1.194596712255753188e-02
1.194311331436471134e-02
1.194035958963673462e-02
1.193758349004085846e-02
1.193486839863519035e-02
1.193215750064462177e-02
1.192952775317974133e-02
1.192690320814126549e-02
1.192430891255831862e-02
1.192174336830792436e-02
1.191920665305766687e-02
1.191674052329018407e-02
1.191424259085975546e-02
1.191182870707467416e-02
1.190944013865546415e-02
1.190706454774731644e-02
1.190474046963332748e-02
1.190245275398230627e-02
1.190019215435723400e-02
1.189796491753162752e-02
1.189577764319088918e-02
1.189360827069853473e-02
1.189147927292169560e-02
1.188939240306319256e-02
1.188731868956114865e-02
1.188528721621060803e-02
1.188329064013844000e-02
1.188133438336935743e-02
1.187940083863328784e-02
1.187750355641184474e-02
1.187564101074966953e-02
1.187381008565741893e-02
1.187201284447060058e-02
1.187024993421264239e-02
1.186852109279470761e-02
1.186682358788975454e-02
1.186517103920194452e-02
1.186353405156767571e-02
1.186193702206509229e-02
1.186037750745297381e-02
1.185884601491009500e-02
1.185736380931340546e-02
1.185589736430773047e-02
1.185447253296450891e-02
1.185307937612875388e-02
1.185171844733813595e-02
1.185039610262107572e-02
1.184910115244471561e-02
1.184784867710373009e-02
1.184662269448243793e-02
1.184543532782744192e-02
1.184428076666877404e-02
1.184316297677012741e-02
1.184207608746385906e-02
1.184102490973476356e-02
1.184000789250685276e-02
1.183902439037423995e-02
1.183807803319559399e-02
1.183716425062795834e-02
1.183628210396322003e-02
1.183544237098278253e-02
1.183462979456581521e-02
1.183385485401335091e-02
1.183311424420706998e-02
1.183240546239482972e-02
1.183173435597020470e-02
1.183109510252209479e-02
1.183049563547763049e-02
1.182992902742327664e-02
1.182939421294572704e-02
1.182889899916913720e-02
1.182843677382512150e-02
1.182800739465770731e-02
1.182761525140163875e-02
1.182725739615114909e-02
1.182693528078150418e-02
1.182664841980368524e-02
1.182639716682101945e-02
1.182618101118443170e-02
1.182600027143767066e-02
1.182585511638785218e-02
1.182574493473207561e-02
1.182567060558212778e-02
