2.289409796608590508e-01
2.037563145900429529e-01
1.582124777265843385e-01
1.061346486338217293e-01
9.750174776241019026e-02
1.149624326890157366e-01
1.163761021888081865e-01
1.024938043329261250e-01
8.762592690650747307e-02
9.188988407209228160e-02
9.843601480262725856e-02
8.924336576550308264e-02
8.085120033250135785e-02
8.347188129048860317e-02
8.679458687899666014e-02
8.166785752019407874e-02
7.386790504732596019e-02
7.621271962279126122e-02
7.799149608451208526e-02
7.264268750983896017e-02
6.708355734327686726e-02
7.189657713138007666e-02
7.046485331666232921e-02
6.372725903926861057e-02
6.626975136799315158e-02
6.697060860438702745e-02
6.227115314784671674e-02
5.945437245715255725e-02
6.072418128963692763e-02
5.744175955863075472e-02
5.374101449343016146e-02
5.368593538229392975e-02
5.174256519262613457e-02
4.760895102192402861e-02
4.588545578140233727e-02
4.473937574864905731e-02
4.092017742063909502e-02
3.975956773182788562e-02
3.742939209954030538e-02
3.393244437883526782e-02
3.213457089308805609e-02
3.004587399595654018e-02
2.761874874464959398e-02
2.663699104577696083e-02
2.457735813755590470e-02
2.339184063220660359e-02
2.226208844902512196e-02
2.173939803424985301e-02
2.094025896294305494e-02
2.041922018493970772e-02
1.904473518938974708e-02
1.857550881266147730e-02
1.752468729289140617e-02
1.713867836435154293e-02
1.664365900431928960e-02
1.586746300609930688e-02
1.572146388201180189e-02
1.498103961517315355e-02
1.436364329338303721e-02
1.413327625545838899e-02
1.381393515277857913e-02
1.331323147894887191e-02
1.295115408755722827e-02
1.272015257978318520e-02
1.253937762788377014e-02
1.241469672576262992e-02
1.268595248968242169e-02
1.324957815784212622e-02
1.341625793475055561e-02
1.227623328904561134e-02
1.145200803677535670e-02
1.134889036489655605e-02
1.153114022807413472e-02
1.263536413349752342e-02
1.174412766149753908e-02
1.114000146893393169e-02
1.065071569922054935e-02
1.181210461554392001e-02
1.210726269152210752e-02
1.140296386895599950e-02
1.360643323496717010e-02
1.109478317255188640e-02
1.453401652598003239e-02
1.189896014278644942e-02
1.303795938928167635e-02
1.074865746385097499e-02
1.343240898618439615e-02
1.146378497190120131e-02
1.454489887305998423e-02
1.506412731452425394e-02
1.050163488296395296e-02
1.380897168614769049e-02
1.093228370800955820e-02
1.373127840749448908e-02
1.261682285872735634e-02
1.154000376215545513e-02
1.442802599209247992e-02
1.072686342959958301e-02
1.287224433511834076e-02
1.258715766362602205e-02
1.001916196357364314e-02
1.160114810274792685e-02
8.813140076727321234e-03
9.564363788896910676e-03
9.595610069137852638e-03
8.872640326033858979e-03
9.834584082187706675e-03
7.962092262218996991e-03
1.078797215643127923e-02
8.728816236251435434e-03
1.050829295300025577e-02
8.072073609900991611e-03
1.054642425086101815e-02
8.520236024404230848e-03
1.071288502102082929e-02
8.567295370502952048e-03
1.124187274286298464e-02
9.672593810752352569e-03
1.154047020705712030e-02
1.120874180741820644e-02
9.583212717387717614e-03
1.125897330670080562e-02
7.751293768879796882e-03
1.154367469801478516e-02
9.642202467178772121e-03
9.974740263499237355e-03
9.984690767547285337e-03
9.110198936668414613e-03
9.721040867613592318e-03
8.189582912274307250e-03
7.785628038004224934e-03
8.913743352462633746e-03
7.560317529404637742e-03
1.021752538112776811e-02
8.809537377547339843e-03
9.851458019180636683e-03
9.838061125416292310e-03
7.711085306623477811e-03
7.792704417046358509e-03
7.862916850354714771e-03
6.701411505466433466e-03
8.807433500299610696e-03
7.042471365449522874e-03
1.002200488357521402e-02
9.976428371229487113e-03
7.180214197442854468e-03
9.388911954511353422e-03
7.793262250359030835e-03
1.070350931392884813e-02
8.538406680660840312e-03
9.022284066906369540e-03
8.473098135911575485e-03
9.101506963026258223e-03
1.019646017913427259e-02
6.412252031061306534e-03
9.561515418920628687e-03
7.372042159552292043e-03
9.987229067393372378e-03
1.007898174049038677e-02
6.932053142610096128e-03
1.039402622552287186e-02
8.855652019786098422e-03
8.403180034374253121e-03
8.517049421509948967e-03
6.958911481881722809e-03
7.410137429078360316e-03
7.227940090245097392e-03
5.786956430480352104e-03
7.825344687984937819e-03
6.609818798117034211e-03
8.048048652517588927e-03
8.143834612674781537e-03
7.545232012011841849e-03
6.295269087052276016e-03
8.771161436630797031e-03
7.593407032353903345e-03
8.316378253642080567e-03
8.561209738320184684e-03
6.445381697625910192e-03
6.794760437551323681e-03
7.091485544164567376e-03
6.604340762323258548e-03
7.626020226270713818e-03
6.456492213142925492e-03
7.412923582186669615e-03
5.997077916062104608e-03
8.715786103436942711e-03
7.771031579078937004e-03
7.100111673309391844e-03
7.468880450235783341e-03
6.615513544684685325e-03
7.559508754552819038e-03
5.489975988257465682e-03
7.042761506763385408e-03
5.434035281749736643e-03
6.294257930527439975e-03
6.327252364888518062e-03
5.707127638413309403e-03
7.445110747747897030e-03
5.910246811387869295e-03
8.151470884574284551e-03
7.779951158230570367e-03
6.331895593842615418e-03
6.311139989396734144e-03
6.235682093695595757e-03
5.934833630549153291e-03
6.419682998341042120e-03
5.604151969230004339e-03
8.186453215215916054e-03
8.201195960258957085e-03
5.032643786573144130e-03
7.519560650609169623e-03
5.891557197596852466e-03
8.089020969601963540e-03
7.261550787133635478e-03
6.906960949233267692e-03
7.201169122357924460e-03
5.685561463066588980e-03
7.317742008413134248e-03
5.034774839166536280e-03
6.874305168239053590e-03
5.679199277761217898e-03
5.343531261471751691e-03
5.813780577095003024e-03
5.288862496232644463e-03
5.643635977379203757e-03
5.482316892965253055e-03
5.276692119815694186e-03
6.196064101536731539e-03
5.175298335404484619e-03
5.599287347466451979e-03
5.173117714813364396e-03
5.780391005914673440e-03
4.450396042055690220e-03
5.314211208221492240e-03
4.678116676377488264e-03
4.443828412395282347e-03
4.464145144011135574e-03
4.773586061244931671e-03
4.705179756872962180e-03
4.676923001148232048e-03
4.528230096081753940e-03
4.554068235924677022e-03
4.449473576192545729e-03
4.624073076824642380e-03
4.844370219255472038e-03
4.275582352038623940e-03
4.116329203392766339e-03
4.111124176287402066e-03
4.465310389941017956e-03
4.489354182406311497e-03
4.561769827817137128e-03
4.342119894917565587e-03
4.331865409641344131e-03
4.392417423417795640e-03
4.351878180479709299e-03
4.349666241161645637e-03
4.504123903858937850e-03
4.252661248654649416e-03
4.179271170234957235e-03
3.921851257567840823e-03
3.925780598357687425e-03
4.337542305695251017e-03
4.952455852212733246e-03
3.810791096652116003e-03
4.300724354013961068e-03
5.590556460143656682e-03
4.157524024644579028e-03
7.169045342008097815e-03
5.621396181630481347e-03
7.002395679616190381e-03
7.048766431073856011e-03
4.979453997648946098e-03
6.306247656760670221e-03
5.249096433071542139e-03
5.575068061204934214e-03
4.919963921216893854e-03
4.891607713710885603e-03
4.895891696323395950e-03
4.454058210722346145e-03
5.476256646925725322e-03
5.169218285940043074e-03
4.837199007063955683e-03
4.858345768594619397e-03
5.209522962595719564e-03
4.947045361910673046e-03
5.986467614456367388e-03
4.318642633942926072e-03
6.555484691786214561e-03
5.469690804648436565e-03
6.075259954411870236e-03
6.446270287652341655e-03
5.226537299391277244e-03
6.482907462107496792e-03
4.055514148814685048e-03
5.906904847169475344e-03
4.537465525813987044e-03
6.431249569000600970e-03
5.524011688548871243e-03
5.415737114900358654e-03
5.828569351636811273e-03
4.566496472650258091e-03
5.586128346180485420e-03
4.116799842166085979e-03
5.111972666219193745e-03
3.889533220268709662e-03
4.209235592200079312e-03
4.839065087323833093e-03
4.031165857954776416e-03
4.644808626962788380e-03
3.699254932055353814e-03
3.990094972417858495e-03
4.310586014104258491e-03
3.630058071663032522e-03
4.700695394177149648e-03
3.764167442585239845e-03
5.344893077297785226e-03
4.260088463990226865e-03
5.866379715200532169e-03
5.676759064957440440e-03
4.303936253875012552e-03
4.670366737253088020e-03
4.948809571150084886e-03
3.888047477458798137e-03
5.802744280069449707e-03
4.209600285868401841e-03
6.574806199325097106e-03
6.274254255471463371e-03
4.362666681614332104e-03
5.031612766182718376e-03
4.223649533534629130e-03
4.412496112323149172e-03
4.310859354002017155e-03
3.608676817947936277e-03
5.054452792002348330e-03
4.131285323778497234e-03
5.316054686145966178e-03
4.025738458039038181e-03
5.859261376030634738e-03
5.425618239979789620e-03
4.640624616689662321e-03
5.009982576610494225e-03
4.203755201991538071e-03
4.206188410917722185e-03
4.806069865167709662e-03
4.311180405355253230e-03
5.109039053003998875e-03
4.556101549751879337e-03
4.905819912997127184e-03
4.254402649500026688e-03
5.322326116700285339e-03
4.943105371304354172e-03
4.718416268416288778e-03
4.700557710703303672e-03
4.552191876537128173e-03
4.586052731610935213e-03
4.176760590384191903e-03
3.883457342278775950e-03
4.656571517830259549e-03
3.949506709271195792e-03
4.916721141912013156e-03
3.791122216127774166e-03
5.725315524768822932e-03
5.274348530713387183e-03
4.436022192068805707e-03
4.878147411482289426e-03
3.814425576013260721e-03
4.062525561434975757e-03
4.105414424258439082e-03
3.403908995186564427e-03
4.605064581191367461e-03
3.526605537793190120e-03
5.121252445840035646e-03
4.443507287928257811e-03
4.621148843379995451e-03
4.381146554032857611e-03
4.589264040187191265e-03
3.962598890413134185e-03
4.751392802731260051e-03
3.927494615534487220e-03
5.199303605608116344e-03
4.716955126663354390e-03
4.532231759170113339e-03
4.577072150553873793e-03
4.291566517718475859e-03
4.638099906810623681e-03
3.728911374760538258e-03
3.880148401995936469e-03
3.974732524302527527e-03
3.546477644692195598e-03
4.238357153371618245e-03
3.699391500303123373e-03
4.426460635020191062e-03
4.137989157505894515e-03
4.587862781961857088e-03
3.990021319597891400e-03
4.576395233941954813e-03
3.854857268357593254e-03
4.577184434624023170e-03
3.893489740063605428e-03
4.702448634590399024e-03
4.075478512094101065e-03
4.694299229962658158e-03
4.445436932401265230e-03
4.267372293747097138e-03
4.399373217407197105e-03
3.998808454967626470e-03
3.922370765614688511e-03
4.080179374789181211e-03
3.780804645290144258e-03
4.106532694132985009e-03
3.796082083729598010e-03
3.946903636077785799e-03
3.867259286480935823e-03
3.934872006215851467e-03
3.780332636381925852e-03
4.248510736452048263e-03
3.399183816583570359e-03
4.268992772516562971e-03
3.300598700579632141e-03
4.239610342206788507e-03
3.268045719315861887e-03
4.472662688442630673e-03
3.444131199672636947e-03
4.939225654176765921e-03
4.273385873177626762e-03
4.437273435681463388e-03
4.779309910868104715e-03
3.392730300356614631e-03
3.895953351977179784e-03
3.644637041776816865e-03
3.402993972272199807e-03
4.135606581759522504e-03
3.456747898398962026e-03
4.276096696069874546e-03
3.567441552051923460e-03
4.210100707164249507e-03
3.564500305147324036e-03
4.367653459742079462e-03
4.106341343777724501e-03
3.653222435639351656e-03
3.936170150176747026e-03
3.544211402074689318e-03
3.480976046433388593e-03
3.687908213714545785e-03
3.261135959770036091e-03
3.511959369084271219e-03
3.375856028733374616e-03
3.176075123613698262e-03
3.652287293418796793e-03
3.174555894922302408e-03
3.778082474978687773e-03
3.518916138773962345e-03
3.491833316780405469e-03
3.779784442144663772e-03
3.287268175563428253e-03
3.963211271555522330e-03
3.260204445842270708e-03
4.152319957960818111e-03
3.508467663926133611e-03
4.174342432246644016e-03
4.135906701750718256e-03
3.470737343808049519e-03
3.681596832714329436e-03
3.475388372006551693e-03
3.401277619373064415e-03
3.854985204976027913e-03
3.545128735240116874e-03
4.129025524153047064e-03
3.803662786579939826e-03
4.247466023283487206e-03
3.670224705803214627e-03
4.165087686068010171e-03
3.466158357606844310e-03
4.212016058447527050e-03
3.663538039804134852e-03
4.261275084359778843e-03
3.909735289019628662e-03
4.050207336886827575e-03
3.931475889907502970e-03
3.874801201216129028e-03
3.717649077149407476e-03
3.930059102599633286e-03
3.691073003986483029e-03
3.944851508583658781e-03
3.602200255755497356e-03
4.085834225312465727e-03
3.752695009853238353e-03
3.882832112297965321e-03
3.667126393405870533e-03
3.925732864563060386e-03
3.731426974928456035e-03
3.804067580829178976e-03
3.618101135628357806e-03
3.826271455525136721e-03
3.515725386888173334e-03
3.908243993357413300e-03
3.513569284700598840e-03
3.919772723852391408e-03
3.593201506882993338e-03
3.822019868505039438e-03
3.587268607239983784e-03
3.832918272485428147e-03
3.615959648897211758e-03
3.742286652961931970e-03
3.470348966277977606e-03
3.745230685009866972e-03
3.395056836945097023e-03
3.844052347954995692e-03
3.483542321676380039e-03
3.895670878236248864e-03
3.590483954212019945e-03
3.789097574527862736e-03
3.595599286216161986e-03
3.716531438257572508e-03
3.573421764160259178e-03
3.633542418100845200e-03
3.413039191279765554e-03
3.697955018233084479e-03
3.399523382122503993e-03
3.740744249601703295e-03
3.402028438406453584e-03
3.595854261254692250e-03
3.353662996060616675e-03
3.574013838386170833e-03
3.209980678813515245e-03
3.598360846386457982e-03
3.177066257331544619e-03
3.649649799672606814e-03
3.140506027239164857e-03
3.799065364586231772e-03
3.243549036501168926e-03
3.904868152372322800e-03
3.619620598380366566e-03
3.536806600006416057e-03
3.430519205519600833e-03
3.489892220270173276e-03
3.234501718666966084e-03
3.628468511369380145e-03
3.281508431961639456e-03
3.674105406006061662e-03
3.297271519853904338e-03
3.655228670238239424e-03
3.322786931760338038e-03
3.615510890651664564e-03
3.257345863370618520e-03
3.566738246155393664e-03
3.265811323443715362e-03
3.510543802032995656e-03
3.214678782801759071e-03
3.428649079779345216e-03
3.109859446020434102e-03
3.532024721411729760e-03
3.105729949402110963e-03
3.600310949895114618e-03
3.237050075286338358e-03
3.352916752188891958e-03
2.974644567152348335e-03
3.565313996040557834e-03
3.091179085603480790e-03
3.583555176705279302e-03
3.164282884005318632e-03
3.707502391162749433e-03
3.425598396013130893e-03
3.445833250521978738e-03
3.303550227774451360e-03
3.342302006410127323e-03
3.089580384372218273e-03
3.520939742649048000e-03
3.124172734845288932e-03
3.591737911930243787e-03
3.351333090920307050e-03
3.323777138052130039e-03
3.298185071479648508e-03
3.344472054152725082e-03
3.116971457847206826e-03
3.342508224564851634e-03
3.149864759696508441e-03
3.386973005283100933e-03
2.966898367442655660e-03
3.395691585876082184e-03
3.029225338734078087e-03
3.444899317308175359e-03
2.930523297430702011e-03
3.544293012269878265e-03
3.046832230189187342e-03
3.627906881081149199e-03
3.393330803077051431e-03
3.227643857879253838e-03
3.296019812705038542e-03
3.074675382552570588e-03
3.041619000708882352e-03
3.170231817339868013e-03
2.927829868227725240e-03
3.213910549311767891e-03
2.806974118335282820e-03
2.964626179189608617e-03
2.842863182265607282e-03
2.887356692585066331e-03
2.846497885464122513e-03
2.727814930901551436e-03
2.900468274135163584e-03
2.706268675808338933e-03
2.793063677212344071e-03
2.814615810204920427e-03
2.788185056091141596e-03
2.696616312196706191e-03
2.681448888158068696e-03
2.757877996855851929e-03
2.777080733146895970e-03
2.776003155384703779e-03
2.659669519512171919e-03
2.764524173908599735e-03
2.920241161145813343e-03
2.660013257120655630e-03
2.688770243162203963e-03
2.819841729580757368e-03
2.813134089568210174e-03
2.614708001010002288e-03
2.751492156987029192e-03
2.849910888880716198e-03
2.658709791312426594e-03
2.647781908316413496e-03
2.623504887190012454e-03
2.725853631214214014e-03
2.815050446206176539e-03
2.648506146454532219e-03
2.615920170908198495e-03
2.700170106528994828e-03
2.818460980212515385e-03
2.624660078983338547e-03
2.569078435511991734e-03
2.610451401347991043e-03
2.654153960475497120e-03
2.765216341108816568e-03
2.664938679075139379e-03
2.604519523852743320e-03
2.590706331354980258e-03
2.605670948773992131e-03
2.729769652702094575e-03
2.736109577914675774e-03
2.633897625996716764e-03
2.580634596404090663e-03
2.558077159582011414e-03
2.538499913564377410e-03
2.541683778846038320e-03
2.536369966797093461e-03
2.544501215078018123e-03
2.637187769296046608e-03
2.803135103653047952e-03
2.680466029887280856e-03
2.571203329449231120e-03
2.527091665088826000e-03
2.539008998761043637e-03
2.576976357500095419e-03
2.843105544048154035e-03
2.627974354345403215e-03
2.557306404755289690e-03
2.890789837744447109e-03
2.593797262251951608e-03
2.519330457100330857e-03
2.700880077932249317e-03
2.707435339905332836e-03
2.606922317141971771e-03
2.560478467625165299e-03
2.620109204716732955e-03
2.723079905312626291e-03
2.569776482918203434e-03
2.499379563852400458e-03
2.506703337957571533e-03
2.573477172390368703e-03
2.745922356589543083e-03
2.565039241506380293e-03
2.522307848691290964e-03
2.799614936497232375e-03
2.585886293107979642e-03
2.549220125295610304e-03
2.878698642438204478e-03
2.682944444837575670e-03
2.950812966572415128e-03
2.552401805924169563e-03
2.523120527151083425e-03
2.861610396624495074e-03
2.519395707359509736e-03
2.606637055092769512e-03
2.922843735199916193e-03
2.521953181611565585e-03
3.213317196074263853e-03
2.789330832600637328e-03
3.460323028892086164e-03
3.559893715739022042e-03
2.517573343421464389e-03
3.414343525993391876e-03
2.982603288106851647e-03
3.171748420818181358e-03
3.374135065957075200e-03
2.593612259355799771e-03
3.233064444952294964e-03
2.833386032916794528e-03
3.039626619566540133e-03
2.676536963205373727e-03
3.280460784311467134e-03
3.261234124498064643e-03
2.878691007193163228e-03
3.204703098000987686e-03
2.735785084787425471e-03
2.804277545324749751e-03
2.856382655588483865e-03
2.566951424463473092e-03
2.853299880342703796e-03
2.667284952220593842e-03
2.679812336762492624e-03
2.696519017055263104e-03
2.658318544433670248e-03
2.658272624488734748e-03
2.601329073804674926e-03
2.540668410224091508e-03
2.536567223892056359e-03
2.497531426197573644e-03
2.585217632842541288e-03
2.534107834168790319e-03
2.492646999933473533e-03
2.497694111205514371e-03
2.606048216312482381e-03
2.539128811190931572e-03
2.582119784463687059e-03
2.425370242130777277e-03
2.510004071584077782e-03
2.467883044290583062e-03
2.529416838509169260e-03
2.641845268140028714e-03
2.465510180836527794e-03
2.496750271345635035e-03
2.795262541107994096e-03
2.459773490020458406e-03
3.019683744321650758e-03
2.559545565971341717e-03
3.338657780807336838e-03
3.371172667246869706e-03
2.552093998003815943e-03
3.243674162359900040e-03
2.846966383053629868e-03
3.091746685234234623e-03
3.303583035136241266e-03
2.698903425348310719e-03
3.331910056486017246e-03
3.420199929634663155e-03
2.634498020429041146e-03
3.483332471172286091e-03
3.204379194407690288e-03
2.678268274610720156e-03
2.855144842362389041e-03
2.577292631082688835e-03
2.671512113201729259e-03
2.675895037495504714e-03
2.514014802683059088e-03
2.818286713328938594e-03
2.617275510893602667e-03
2.664614410265476151e-03
2.474266105833345265e-03
2.662361003450416409e-03
2.520688430561276398e-03
2.585420913276490623e-03
2.601371869650826504e-03
2.496691000708620763e-03
2.554303423533971738e-03
2.460130642464145728e-03
2.468100098112381048e-03
2.379683408047375895e-03
2.469761758607747805e-03
2.397728379892260023e-03
2.401980901740994549e-03
2.401610557476712132e-03
2.407731617420630875e-03
2.519923128786938447e-03
2.470413636599279230e-03
2.420711862988686892e-03
2.426389964542062690e-03
2.585213002269207659e-03
2.429435504020816157e-03
2.741582937077716425e-03
2.436393398895073895e-03
2.921303242615984688e-03
2.745216085310563277e-03
2.740966356372428591e-03
2.727675832173655224e-03
2.619184567964867941e-03
2.611885102475783923e-03
2.678621708009268354e-03
2.609431386959536626e-03
2.725694111663217161e-03
2.699878847987467745e-03
2.639430444029115894e-03
2.639828209500776849e-03
2.605448290129117137e-03
2.524898111185546693e-03
2.702640210831934453e-03
2.572141311513463039e-03
2.723148337512547746e-03
2.703678358780231376e-03
2.515539907104333284e-03
2.515235031408440299e-03
2.576242394591065840e-03
2.473996541022782138e-03
2.645487171218319656e-03
2.481338166676870689e-03
2.713362815767761480e-03
2.655459409822953122e-03
2.530845596490658832e-03
2.529559360484339228e-03
2.573791902027990249e-03
2.539679954374508657e-03
2.551341735832619601e-03
2.485926324737990686e-03
2.515940557152389258e-03
2.449246209273681259e-03
2.514073083749174178e-03
2.410494822507596325e-03
2.479674601580767260e-03
2.380765817619832480e-03
2.445095465029392592e-03
2.351223803214114085e-03
2.423919666354252232e-03
2.341264056027304776e-03
2.404638962433076552e-03
2.389524361761820662e-03
2.343165337837169182e-03
2.406521778332407213e-03
2.347118544861426844e-03
2.334856942320641827e-03
2.361051033681279849e-03
2.359877542707555353e-03
2.324556233758040893e-03
2.320782307501025911e-03
2.338717405999251285e-03
2.358719352742143661e-03
2.339040394494778987e-03
2.318875360857221030e-03
2.310384646997332841e-03
2.319798169628606386e-03
2.348281032364509316e-03
2.337154435360770145e-03
2.316932294916116113e-03
2.308173887785384005e-03
2.324956203332100273e-03
2.351875744886979154e-03
2.319069989321571705e-03
2.302731656505514150e-03
2.300027709175988828e-03
2.308164914802732833e-03
2.317554410044791839e-03
2.305491805115203029e-03
2.296969475887988138e-03
2.290424759133857877e-03
2.292684464746896911e-03
2.303408291996353590e-03
2.312266078995261175e-03
2.299337252037788899e-03
2.288550261575526303e-03
2.282275766028748955e-03
2.282390258359364744e-03
2.285425858911527188e-03
2.293464490276936069e-03
2.298702529707798582e-03
2.293424246182622535e-03
2.278296850082705150e-03
2.278640572323988728e-03
2.295113616285106382e-03
2.300548753916800866e-03
2.287446258785532770e-03
2.274618927166981597e-03
2.279440107685937189e-03
2.311848309197272848e-03
2.302924613851140955e-03
2.269744218128948252e-03
2.285037146612821021e-03
2.307226649853113924e-03
2.275322984220965340e-03
2.267282796219583126e-03
2.282122688109945036e-03
2.287118285275939033e-03
2.269074562963367594e-03
2.263860010005436067e-03
2.272323334502380360e-03
2.279182384967121371e-03
2.270764853415382836e-03
2.260629660544599163e-03
2.262469364809822567e-03
2.274219172531808351e-03
2.271431407100806595e-03
2.259885424614318638e-03
2.256480849494227510e-03
2.262542365809879115e-03
2.268117276281871129e-03
2.260946264645369210e-03
2.253774400235790745e-03
2.253954931520002047e-03
2.259188314401872674e-03
2.259109751576123849e-03
2.253623002503767330e-03
2.249794080751511653e-03
2.250535318673411566e-03
2.252102360251949115e-03
2.251637361186106107e-03
2.247737078240157494e-03
2.247284494718097651e-03
2.248472562291819066e-03
2.246499632173097616e-03
2.244727523647989300e-03
2.244404178650052407e-03
2.244749025606058816e-03
2.244676003246936277e-03
2.242653787496236891e-03
2.241965980946919023e-03
2.242460692891007096e-03
2.242049985647667949e-03
2.241160396163320318e-03
2.239688399764030134e-03
2.239635024110287354e-03
2.239962558333388060e-03
2.238546744777471145e-03
2.237541148878215320e-03
2.237592359507180589e-03
2.236988511678588039e-03
2.236061537711850431e-03
2.235814141646121078e-03
2.235580792874234616e-03
2.234737459478860870e-03
2.234247390187319923e-03
2.233968082418267328e-03
2.233397948262225065e-03
2.232887527175334442e-03
2.232517252690219278e-03
2.232071174974415567e-03
2.231568917417319810e-03
2.231210182878729052e-03
2.230781348237821215e-03
2.230374208302426334e-03
2.229960809821282964e-03
2.229604390376845914e-03
2.229227302916865928e-03
2.228840132204883921e-03
2.228460868098299658e-03
2.228095713019162625e-03
2.227750269391052997e-03
2.227417233239585830e-03
2.227066106638840321e-03
2.226741501048493457e-03
2.226415076202781316e-03
2.226091105985471622e-03
2.225797625422074651e-03
2.225455826077576017e-03
2.225164861170106541e-03
2.224862889056632327e-03
2.224592076856071916e-03
2.224301045028464173e-03
2.224017357781247779e-03
2.223752839804576855e-03
2.223477558286634983e-03
2.223228862333068937e-03
2.222969172158797621e-03
2.222727881207244190e-03
2.222485382047655403e-03
2.222260538142831719e-03
2.222029624866536483e-03
2.221810812995235213e-03
2.221596813931792352e-03
2.221392653615496780e-03
2.221189758492564913e-03
2.220995888426450376e-03
2.220807131131281604e-03
2.220623562816879601e-03
2.220447611579752078e-03
2.220277616033793523e-03
2.220112376688430228e-03
2.219955916428243640e-03
2.219801482003843068e-03
2.219656574199826548e-03
2.219515345764563712e-03
2.219382152301966823e-03
2.219255121185606961e-03
2.219132402018489641e-03
2.219016142830119564e-03
2.218906658726242480e-03
2.218801952959194908e-03
2.218704094277526052e-03
2.218612778482318987e-03
2.218527182972152706e-03
2.218447442723729766e-03
2.218373434099557995e-03
2.218305361149450466e-03
2.218243696962439102e-03
2.218188220146400085e-03
2.218138689000071981e-03
2.218095266627496780e-03
2.218058063277445532e-03
2.218026860413771593e-03
2.218001753731743946e-03
2.217982766201790669e-03
2.217969990203841855e-03
