6.827698301835295469e-01
6.339757574516593497e-01
5.544975292676268541e-01
4.403103841870406598e-01
3.376798932995296876e-01
3.021004092701329857e-01
2.967730146189255791e-01
2.967788545377992304e-01
2.984694985504208753e-01
3.007755362122166432e-01
3.025984085478189423e-01
3.038350204976284497e-01
3.044827292092587845e-01
3.046424789909761288e-01
3.043838863453078303e-01
3.038106793381473714e-01
3.029346804893511269e-01
3.017776492433066338e-01
3.003464571092647750e-01
2.986255117558391237e-01
2.965695299683329123e-01
2.941407971215234118e-01
2.912891158484199328e-01
2.878642856361718350e-01
2.837709919669464398e-01
2.788489964648602770e-01
2.728483497678966252e-01
2.655534240065545171e-01
2.571510413137138573e-01
2.478976459278558198e-01
2.378289593412737379e-01
2.272965769637307343e-01
2.411361597026906445e-01
2.223796465866742511e-01
2.085136290478139531e-01
2.107271767906381266e-01
2.140578956649635545e-01
2.139939387109431046e-01
2.070741458638797050e-01
1.940989926224982454e-01
1.849901952427174534e-01
1.914588742229981766e-01
1.850461330895739887e-01
1.709627562362743824e-01
1.728713578987733646e-01
1.717312419681974733e-01
1.638150185418774385e-01
1.597251063675132754e-01
1.599982313224437847e-01
1.528749956176309321e-01
1.476765626872769688e-01
1.474864356868653970e-01
1.390006165255021908e-01
1.365900937802298765e-01
1.322248433798807465e-01
1.254549481744654804e-01
1.221450647674039852e-01
1.130181878835875564e-01
1.119743815338615917e-01
1.038683921195986265e-01
1.028906825891080790e-01
9.697064560798222821e-02
9.598149649915467541e-02
9.483080473611538164e-02
8.921562423691256627e-02
9.329055259902950537e-02
8.238016468782960455e-02
8.359526582438200903e-02
8.117353024403042849e-02
7.430276776917817128e-02
7.299157410920388556e-02
7.368063275614306074e-02
6.944515239883974900e-02
6.554749560644612671e-02
6.711052445660578569e-02
6.350239838595982123e-02
5.930366113059559047e-02
5.895982924481069781e-02
5.874623751472778793e-02
5.485660719545683989e-02
5.806497843188440644e-02
6.820446952378381167e-02
6.097693913523556664e-02
7.150996144308736924e-02
5.834166603432552889e-02
7.563492080035220944e-02
7.721470444097887353e-02
5.859603156588587269e-02
8.371299107891722047e-02
7.546327678497687097e-02
6.041861467011256509e-02
7.394343520040888573e-02
6.376622173121980486e-02
6.171343108663460836e-02
6.831747832250957553e-02
5.376816029530411684e-02
6.017267506813362560e-02
5.850991588550195910e-02
5.574459577546631711e-02
5.598609645839705551e-02
5.240499672049176577e-02
5.547253867801357069e-02
5.169939020404309277e-02
5.131792188078182493e-02
5.157295053146156161e-02
5.181269373716506504e-02
5.102488015684787659e-02
4.972578546281029854e-02
5.083437269895337701e-02
5.041203261750274583e-02
4.875589527697401365e-02
4.932388653591208288e-02
4.960147222163605735e-02
4.789982574179928176e-02
4.943509475231100403e-02
5.065968644899863926e-02
4.786965742110659006e-02
5.241581273799769680e-02
4.816748918905737475e-02
4.959620431184896816e-02
4.733322642345941939e-02
4.810073153697945469e-02
4.947172619051402875e-02
4.756772499104774954e-02
5.142153806266563237e-02
4.628156735292005691e-02
4.689503911698396366e-02
4.741508875218790331e-02
4.607305451374015676e-02
4.455910085813836324e-02
4.751740647180146410e-02
4.601133860487956889e-02
4.366836362587558917e-02
4.719958739538120812e-02
4.719315828463716000e-02
4.298342112409063442e-02
4.823114175324725444e-02
4.490140504608388511e-02
4.267594305850077457e-02
4.470971492409266113e-02
4.593287114398875159e-02
4.256199359633235785e-02
4.162427245636933504e-02
4.228611768119159425e-02
4.509504366031884259e-02
4.298673457585192037e-02
4.192440449694786325e-02
4.193403818262268767e-02
4.354712556009682212e-02
4.482045391463074235e-02
4.172839454704939388e-02
4.129402264208684170e-02
4.223691813986683169e-02
4.383329018364055807e-02
4.080469740698780545e-02
3.973210285391554769e-02
4.028424628811865665e-02
4.300949556374285276e-02
4.410559820027602079e-02
4.090341403795840630e-02
3.921195538166153544e-02
4.004121249150743161e-02
4.187989621845919497e-02
4.324957927930757340e-02
3.988223326815073383e-02
3.885200201568222989e-02
3.871336453071829581e-02
3.919749692445444883e-02
4.182833152780864733e-02
4.423744756195318456e-02
3.911347062742500519e-02
4.096109755685178877e-02
4.740225199373259563e-02
4.049194411488498541e-02
5.303957334412776753e-02
4.338201636363785141e-02
5.646544811832967387e-02
4.773839421040754899e-02
5.523429290351332399e-02
5.894782354116050865e-02
4.078838984520221506e-02
5.847551569067449551e-02
4.928543213176123788e-02
5.093434943154079297e-02
5.448535310530954606e-02
3.847267060736841299e-02
5.028641296456989179e-02
3.862518919242449028e-02
4.904199554417343343e-02
4.316587761004100215e-02
4.822960989830119005e-02
4.789820229382505540e-02
4.056054801523075598e-02
4.454792462320996543e-02
3.876495775956233236e-02
4.038643283672074813e-02
4.086699486845268847e-02
3.854972337314850617e-02
4.221534768376026397e-02
3.745611059674106014e-02
4.134595007060658939e-02
3.716090858126061547e-02
4.035956743573442668e-02
3.685368277107993473e-02
3.824284592980702058e-02
3.882666766861111313e-02
3.582308430881681743e-02
3.861701564060131958e-02
3.652961884525766229e-02
3.649198303156860751e-02
3.793009064306600980e-02
3.564098947906469556e-02
3.628740978410641138e-02
3.758503277631805584e-02
3.567852119425122398e-02
3.689647654228345175e-02
3.666837246563722091e-02
3.497833649114631682e-02
3.568978770515126436e-02
3.685473340107899010e-02
3.510434000846673896e-02
3.576468402595309182e-02
3.718857455636440795e-02
3.466836388644208011e-02
3.620093248056518304e-02
3.708162560622373788e-02
3.512168979550669978e-02
3.656275310658923389e-02
3.542825771447386668e-02
3.437430380038070804e-02
3.640172933493913271e-02
3.528409382227184338e-02
3.482437498899487727e-02
3.541072120535494056e-02
3.430028272187921751e-02
3.365856007314733944e-02
3.488029588954419391e-02
3.440066393725547261e-02
3.334563166595209266e-02
3.454178765550233732e-02
3.490403831813681385e-02
3.314601444320007528e-02
3.561346127685521834e-02
3.459459167253037953e-02
3.499757962866305305e-02
3.689431004831462274e-02
3.289728153618774048e-02
3.557474441863562459e-02
3.422115567259872287e-02
3.295080439136321981e-02
3.452746439529354172e-02
3.375333828508892547e-02
3.230138975409441865e-02
3.311253738707949784e-02
3.449487752723433276e-02
3.250406823012572805e-02
3.365392150680197869e-02
3.511129696245619825e-02
3.246750080025145868e-02
3.256061113067806878e-02
3.411900247444575596e-02
3.267617575226555715e-02
3.301599775390690050e-02
3.355036074789563560e-02
3.230203154269372517e-02
3.141752854240936060e-02
3.286921957884562234e-02
3.210432014212641350e-02
3.143067027832962407e-02
3.219776738470368077e-02
3.166276540265464817e-02
3.061627034324390650e-02
3.140999706151655774e-02
3.076499725988019601e-02
3.067212820225844946e-02
3.131000201930560223e-02
3.186158769877121821e-02
3.111745437194155320e-02
3.033787292303542077e-02
3.065302682249087390e-02
3.232061365311773848e-02
3.115404773143470515e-02
2.955402126820547842e-02
3.000265430356059346e-02
3.087797761763968335e-02
3.095727203931872284e-02
3.002193006910608072e-02
2.930352689292334972e-02
2.901388992372874731e-02
2.894389869247176311e-02
2.956488028628189574e-02
3.110010452246218804e-02
2.992904078920488598e-02
2.877961230878178442e-02
2.847506111825416630e-02
2.838887262688983767e-02
2.826268138060307120e-02
2.828312444631990788e-02
2.873982959353407751e-02
3.011599486063609374e-02
2.977081813683479100e-02
2.916033497684810891e-02
2.854929128956667020e-02
2.790402245089896802e-02
2.766308989947907984e-02
2.763334663750293546e-02
2.776960382301538188e-02
2.840667389726355199e-02
3.013371984951519755e-02
2.950451113086575289e-02
2.742288076519550435e-02
2.717907801222118128e-02
2.858494405949427164e-02
2.969939339607800474e-02
2.826161003580107689e-02
2.685933493881449349e-02
2.700338368744392356e-02
2.865927056017170821e-02
2.821805812547914169e-02
2.716484404702919700e-02
2.688667732003537092e-02
2.645547762290621427e-02
2.646468149328909739e-02
2.634523620758976933e-02
2.833767675701194880e-02
2.824762160010008821e-02
2.610139942556262416e-02
2.757886303152196766e-02
2.849894082552479127e-02
2.704991608521441215e-02
2.558590385028938069e-02
2.691121140045539192e-02
2.762541578289125568e-02
2.621927455732815312e-02
2.660325716832580983e-02
2.508576608485249201e-02
2.516967816638636390e-02
2.484973588983431861e-02
2.569413263967680952e-02
2.903438533027000862e-02
2.534305375043741093e-02
2.467616817886562897e-02
2.456498305619034955e-02
2.430431525152022473e-02
2.420794965419155800e-02
2.419984228050895553e-02
2.407076653564986859e-02
2.434188632265456634e-02
2.613971307441175992e-02
2.894316956089749288e-02
2.438251332684936851e-02
2.816672877654308182e-02
2.808710904704358677e-02
2.477524392818004906e-02
2.860430546321703418e-02
2.684737970499832121e-02
3.022242125473090582e-02
2.486667496439692177e-02
2.559906651616675882e-02
2.902665783739166380e-02
2.436923610421665165e-02
2.856331397091442861e-02
2.389631276221235515e-02
2.708635302278600970e-02
2.576927458700629253e-02
2.312938578291938094e-02
2.937056056659138534e-02
2.416436060128052121e-02
3.171238232597000523e-02
2.357958950525714664e-02
2.920082418835799956e-02
2.281342460194838925e-02
3.004509488768983619e-02
2.370238531095408482e-02
3.057308898114617299e-02
2.493536930886837422e-02
3.207817632363769988e-02
2.498977358764842976e-02
3.308126175905339028e-02
3.079400862215981444e-02
2.789795222151568443e-02
2.828032444143833285e-02
2.751415490570786881e-02
2.716279494400572481e-02
2.688284820225157745e-02
2.479242566565548200e-02
2.900315963736436672e-02
2.617522350696385725e-02
2.829371062788053198e-02
2.611206601394816182e-02
2.884954978164962908e-02
2.873522482241746070e-02
2.420198007564264286e-02
2.608921109847863601e-02
2.468805832648691967e-02
2.437726212405703571e-02
2.538803082287029167e-02
2.302002164515095511e-02
2.737510992208917401e-02
2.456416362779710247e-02
2.707680253170179768e-02
2.414905783060117619e-02
2.633200465858779801e-02
2.495192036171747438e-02
2.559649345258665359e-02
2.427435387712086404e-02
2.584406768460109291e-02
2.453885666501539817e-02
2.477574032070102225e-02
2.321967119996444853e-02
2.490575873629745016e-02
2.384860311649432060e-02
2.414943401453711197e-02
2.236651596192061262e-02
2.542011225361051965e-02
2.355456331790584459e-02
2.450773255816994858e-02
2.312884370460015215e-02
2.413673801644830239e-02
2.315661808451100617e-02
2.400401577645814091e-02
2.236801198970297597e-02
2.526764987883288807e-02
2.370210974778036439e-02
2.359261862744040789e-02
2.269151533612845384e-02
2.416822736634004903e-02
2.363633995282159866e-02
2.266274059090091220e-02
2.217816317225470776e-02
2.341799892191994900e-02
2.257447159960731739e-02
2.242905388231860447e-02
2.114426115859524904e-02
2.318086377818132787e-02
2.159601553873244373e-02
2.322673126781353223e-02
2.097201414316549745e-02
2.380965911582358374e-02
2.202587176480494749e-02
2.319232523982641195e-02
2.128072442267474329e-02
2.357720444779813976e-02
2.267671062258189846e-02
2.181667233764261749e-02
2.096687631522663881e-02
2.252838717064676796e-02
2.161086383096977662e-02
2.175203158254280372e-02
2.043111040327639377e-02
2.223211543775946430e-02
2.090971088844844825e-02
2.194729919310550031e-02
1.997987213154955172e-02
2.227082859315048999e-02
2.056461440150271144e-02
2.219280986297568134e-02
1.995268172353569999e-02
2.253861856440258701e-02
2.093373635261275290e-02
2.191409349847929858e-02
2.013260654146314943e-02
2.199819263610379438e-02
2.087749362709962961e-02
2.124352535306025386e-02
1.985071891640414685e-02
2.170398524818707708e-02
2.052577525350528231e-02
2.101483349749251953e-02
1.957952531962743603e-02
2.126415823116850276e-02
1.998522311815049274e-02
2.106417779125257725e-02
1.930866292918251292e-02
2.120800652010486689e-02
1.981629373752075152e-02
2.094871003489122419e-02
1.908623407296998475e-02
2.109437375351058339e-02
1.965660077378467152e-02
2.089768378901220303e-02
1.908887970413734175e-02
2.112924609126627315e-02
1.973768889134150037e-02
2.070041326110542285e-02
1.901144265762841346e-02
2.075877721230548825e-02
1.957798524927594971e-02
2.033827169426858858e-02
1.886584088390357364e-02
2.047639273716922448e-02
1.918199023292036648e-02
2.026807303757723056e-02
1.854714577801040709e-02
2.036823363399824574e-02
1.903746323893103221e-02
2.016543779339133313e-02
1.836919144132390797e-02
2.023579708680379313e-02
1.878103141138501991e-02
2.013220406999129825e-02
1.833199298798889737e-02
2.015859821091034454e-02
1.883773759687487614e-02
1.984770982604795037e-02
1.819296805419424665e-02
1.988911976256821715e-02
1.856766338661519980e-02
1.988037372185160953e-02
1.810747694057249918e-02
1.994042115286890487e-02
1.863099302381554870e-02
1.963052743078109313e-02
1.799604059953464549e-02
1.954359692166660750e-02
1.838111736051388501e-02
1.938661998916045917e-02
1.792616800855995757e-02
1.949806584229910045e-02
1.828512556199445721e-02
1.924682541345042533e-02
1.768592769709990617e-02
1.921554128288367400e-02
1.799925529417906178e-02
1.919395574946971758e-02
1.745387602019119952e-02
1.909550384909416282e-02
1.772261868944664115e-02
1.916651644655155765e-02
1.735068178330922625e-02
1.912027075884824290e-02
1.771209140179930835e-02
1.917945713871897773e-02
1.736623115064632461e-02
1.901053025045215325e-02
1.771736665468450628e-02
1.870859722048752102e-02
1.729343345280806576e-02
1.879804917238771939e-02
1.758192111406635394e-02
1.840483469861654148e-02
1.700794798462811411e-02
1.834134920834963600e-02
1.717048753484978069e-02
1.845123592139140054e-02
1.677828505330943368e-02
1.828479833117829800e-02
1.691721191831370430e-02
1.843903229891085196e-02
1.655971821766788130e-02
1.809774559421777756e-02
1.657503398221700161e-02
1.820607846743762040e-02
1.644701943538887448e-02
1.812476406183825828e-02
1.664031400287919668e-02
1.802634244726485785e-02
1.627454086256337543e-02
1.772960939339692302e-02
1.628098152824070805e-02
1.771824028090118047e-02
1.617271841135704130e-02
1.735813387761693180e-02
1.621924307348780736e-02
1.726010989703086196e-02
1.637446881537911805e-02
1.660007653496307911e-02
1.655304794645570329e-02
1.606844933243738865e-02
1.653738198447183075e-02
1.592331361867007841e-02
1.639940476599970748e-02
1.599617976043878412e-02
1.609051212721717902e-02
1.617282272156253184e-02
1.570953435110359828e-02
1.599808046291427768e-02
1.565215414319362855e-02
1.581822956869030627e-02
1.585425110717596231e-02
1.562327700668660231e-02
1.593578307331373900e-02
1.572373884974399144e-02
1.554012877626158654e-02
1.580059925894406955e-02
1.563295737902916163e-02
1.542147421428062028e-02
1.569442019500023183e-02
1.555428840520504084e-02
1.534517606255351475e-02
1.562039260551079459e-02
1.552959288288794336e-02
1.526660837417437473e-02
1.560037116178688080e-02
1.556055937006165305e-02
1.522499530412989473e-02
1.562884638172246099e-02
1.563402063312626517e-02
1.518072410764676611e-02
1.576237274244562253e-02
1.579469311924927219e-02
1.511626023563068626e-02
1.603380154211345512e-02
1.588944183336023913e-02
1.513056505108466634e-02
1.639037628841601493e-02
1.535218319331192217e-02
1.535415733924672295e-02
1.607911970356018863e-02
1.501900692178889836e-02
1.544197772499353305e-02
1.539000979549150910e-02
1.495299924387393127e-02
1.546062223801467767e-02
1.501264063059031158e-02
1.494891812441681393e-02
1.522678813245692715e-02
1.482640691020666035e-02
1.499268363017665015e-02
1.532845689989895469e-02
1.475736397772641276e-02
1.550431345149011833e-02
1.540207539011454602e-02
1.489640019487757649e-02
1.567581862375984694e-02
1.521930997740945403e-02
1.474671752661054283e-02
1.570979278425171238e-02
1.495288257527802901e-02
1.481989978663550596e-02
1.532773689749683706e-02
1.470984043411155580e-02
1.479588192431759500e-02
1.507948341232716316e-02
1.456404134995108179e-02
1.501671551516579883e-02
1.478636260203710327e-02
1.456812381836508456e-02
1.480361878981184022e-02
1.461984174112278961e-02
1.439280980637380573e-02
1.461667930030738534e-02
1.452976001650629380e-02
1.462728749395791547e-02
1.444202308121191221e-02
1.482710400131718488e-02
1.439704881406256992e-02
1.445774444511964407e-02
1.441298825767034671e-02
1.455067793697244032e-02
1.430330801211761489e-02
1.430723858974943842e-02
1.428375311190289813e-02
1.432268930913968737e-02
1.421421732159224884e-02
1.417404730355789101e-02
1.426373307608620224e-02
1.418646899232188854e-02
1.418668703809381447e-02
1.408782951033626593e-02
1.410863194249690339e-02
1.414689714605198503e-02
1.415140761082847587e-02
1.406827663007924507e-02
1.399909245583058799e-02
1.401979328142503867e-02
1.404965652944958204e-02
1.409032711511137848e-02
1.406173400762523659e-02
1.399089241883478586e-02
1.394970262729629783e-02
1.390431664232701439e-02
1.389494340258757427e-02
1.392013922083849310e-02
1.394077847429562450e-02
1.392919661542310096e-02
1.391482567809668690e-02
1.387092651139167944e-02
1.384476347343857779e-02
1.379433411046301558e-02
1.378630950436554939e-02
1.378274685948579180e-02
1.377943364345117321e-02
1.379446563708673114e-02
1.378327798470993515e-02
1.377506494563502867e-02
1.374327172505983470e-02
1.370499796139752584e-02
1.368563206542775489e-02
1.367657228058314148e-02
1.366408055937418792e-02
1.366200475448694010e-02
1.366027034734116664e-02
1.366233710724930675e-02
1.365863536302404542e-02
1.363713640751216399e-02
1.361229702768261898e-02
1.357916639851540139e-02
1.356898668633662285e-02
1.355296030476004117e-02
1.353834073154122283e-02
1.352983061184980830e-02
1.352072886332231216e-02
1.351542008523833917e-02
1.351505610601377860e-02
1.351270775412313600e-02
1.350098146256559217e-02
1.348834455589394479e-02
1.346771075868363580e-02
1.345198717866236474e-02
1.343764491053126876e-02
1.342276710597288883e-02
1.341349401824800357e-02
1.339977609262830126e-02
1.338784227830960502e-02
1.337952167561743712e-02
1.336561222558730125e-02
1.335881703893018052e-02
1.334441040316313061e-02
1.333017083703791697e-02
1.332552489603188069e-02
1.331134496993563281e-02
1.330696375692334670e-02
1.329018727318829508e-02
1.327956999997777568e-02
1.326938633805893608e-02
1.325435444974178666e-02
1.325107911228608042e-02
1.324257138377551470e-02
1.323835113055296837e-02
1.323064969878213169e-02
1.322480997741296710e-02
1.321031965230937827e-02
1.319606913208606555e-02
1.318413292639038573e-02
1.316452051324340858e-02
1.315410614494621697e-02
1.314779806080419722e-02
1.313988755909069155e-02
1.313158731980998764e-02
1.312178863523789235e-02
1.311454331581690495e-02
1.310166300987686792e-02
1.309071740667253070e-02
1.307927506476452319e-02
1.306837737625200432e-02
1.305808884637814013e-02
1.304844113758630957e-02
1.303979051436538091e-02
1.303206992712953663e-02
1.302288205864726364e-02
1.301416538635323354e-02
1.300348147582639814e-02
1.299397978360049277e-02
1.298497996427802614e-02
1.297652857267381742e-02
1.296731587464505613e-02
1.295850032081520553e-02
1.294888232289169439e-02
1.294057397568114040e-02
1.293161648307957108e-02
1.292212517063786280e-02
1.291299094320072505e-02
1.290469219844087197e-02
1.289523051846199440e-02
1.288587702900171814e-02
1.287793667805068633e-02
1.286936171423619206e-02
1.286036029781739698e-02
1.285223661143762054e-02
1.284376750322879790e-02
1.283530038505724044e-02
1.282630303674351518e-02
1.281807687367190508e-02
1.281015393270376092e-02
1.280179516411987517e-02
1.279406245767648366e-02
1.278566425187175129e-02
1.277676555362133870e-02
1.276833600562786789e-02
1.276012127093700300e-02
1.275188745490127458e-02
1.274398937670805608e-02
1.273602169482211492e-02
1.272832122215085578e-02
1.272024347519221284e-02
1.271329838648146970e-02
1.270508956385977065e-02
1.269702028226576615e-02
1.268995022684434384e-02
1.268176930064823099e-02
1.267485255970413581e-02
1.266668588078840099e-02
1.265884731396067255e-02
1.265104228666752081e-02
1.264426611550180032e-02
1.263807040288771055e-02
1.262890105845682932e-02
1.262396266323036025e-02
1.261561389272767078e-02
1.260789056645577298e-02
1.260262416713473117e-02
1.259342033435414780e-02
1.258703291140163098e-02
1.257959859511917008e-02
1.257174915899988803e-02
1.256514336159617051e-02
1.255860942675332201e-02
1.255191859766257093e-02
1.254446255779707864e-02
1.253915271656232122e-02
1.253175973200711807e-02
1.252491930473558293e-02
1.252058081746647809e-02
1.251169248433268814e-02
1.250515516165733726e-02
1.249995149553000812e-02
1.249304740515510062e-02
1.248506533098361730e-02
1.248139481844821527e-02
1.247455837712377509e-02
1.246815847998146431e-02
1.246128920205737123e-02
1.245455105940918884e-02
1.244823336763655093e-02
1.244331373497183264e-02
1.243822636306356547e-02
1.243088081483199360e-02
1.242662748525040495e-02
1.241798320565717755e-02
1.241631889696147989e-02
1.240770239865676867e-02
1.240384690553602426e-02
1.239528317481434876e-02
1.239081257019661493e-02
1.238374708490091666e-02
1.238099232333551153e-02
1.237223945926633518e-02
1.236789273163081335e-02
1.236211630625301712e-02
1.235544749711380008e-02
1.235249929861438091e-02
1.234582223963918111e-02
1.234083355002602370e-02
1.233490995578115021e-02
1.233003909969154765e-02
1.232385124955314749e-02
1.232141698864577632e-02
1.231396553926921746e-02
1.230906093579994982e-02
1.230564665839883887e-02
1.229948071853050745e-02
1.229530515316214385e-02
1.228913175456317237e-02
1.228513763053711884e-02
1.227833453221729293e-02
1.227413901539180577e-02
1.226875931801380687e-02
1.226480472597502383e-02
1.225965367230544799e-02
1.225495580002375004e-02
1.225075129840743661e-02
1.224460794434687784e-02
1.224191889129715681e-02
1.223607671061059145e-02
1.223323369066733196e-02
1.222658318273795418e-02
1.222265554285944036e-02
1.221750656630902522e-02
1.221360974525644537e-02
1.220874321498929306e-02
1.220617739005343434e-02
1.220021415412575298e-02
1.219628711204017932e-02
1.219231221062844726e-02
1.218722068057379732e-02
1.218294272843286133e-02
1.217922518669847451e-02
1.217466982225302863e-02
1.217111795641335863e-02
1.216665862867670825e-02
1.216453038486401718e-02
1.215923918642226702e-02
1.215568628879082694e-02
1.215110807764384349e-02
1.214685551835066948e-02
1.214306173342412885e-02
1.213972511598680054e-02
1.213550289397040405e-02
1.213322127531005386e-02
1.212834206983678248e-02
1.212485655098083544e-02
1.212109183929098444e-02
1.211706482841688574e-02
1.211336948759752369e-02
1.210996467122899510e-02
1.210627315678765650e-02
1.210321322766177120e-02
1.209985573699741239e-02
1.209626601189450409e-02
1.209307212622744154e-02
1.208910667784793280e-02
1.208576169684955764e-02
1.208276412375646966e-02
1.207917614324429192e-02
1.207588977256489511e-02
1.207299093796322317e-02
1.206971766757303915e-02
1.206640214562380332e-02
1.206388756570075417e-02
1.206024308928188224e-02
1.205719313148709108e-02
1.205456723107106894e-02
1.205111661604561270e-02
1.204876921909355664e-02
1.204545687560685911e-02
1.204336227017594255e-02
1.203957293168836547e-02
1.203693301983063159e-02
1.203407725788804492e-02
1.203117178963794380e-02
1.202852632543769187e-02
1.202595203026502087e-02
1.202312259751169184e-02
1.202057541825903020e-02
1.201808130842961335e-02
1.201534338486666062e-02
1.201292561337249931e-02
1.201040312943914626e-02
1.200789230530107526e-02
1.200541190062693123e-02
1.200317507889354061e-02
1.200073591274784801e-02
1.199837673078898471e-02
1.199613401253385274e-02
1.199381920884529454e-02
1.199162114176344218e-02
1.198940570364588794e-02
1.198725291635167195e-02
1.198515023505518189e-02
1.198304236755060558e-02
1.198102242954516249e-02
1.197897516790863252e-02
1.197699590141145312e-02
1.197505040704697175e-02
1.197312277713536398e-02
1.197124493342965890e-02
1.196940430261157935e-02
1.196757189511121408e-02
1.196579056902989657e-02
1.196405224909261739e-02
1.196232268636380179e-02
1.196063471010952624e-02
1.195898363687110215e-02
1.195736073154746344e-02
1.195577861764131507e-02
1.195422674193941798e-02
1.195271148234554846e-02
1.195122844271453814e-02
1.194977208360089964e-02
1.194836061623594237e-02
1.194697881204074587e-02
1.194562798271284892e-02
1.194431225944974501e-02
1.194303159369343274e-02
1.194178567910177818e-02
1.194056829468711882e-02
1.193938506678768850e-02
1.193823281461962003e-02
1.193712008077423697e-02
1.193603952201053447e-02
1.193499641804858860e-02
1.193397733701003459e-02
1.193300357483664288e-02
1.193205424322423859e-02
1.193114775766430588e-02
1.193026581267850675e-02
1.192942652158696971e-02
1.192861671732072665e-02
1.192784821921262506e-02
1.192710442544742469e-02
1.192640089894422481e-02
1.192573073717852206e-02
1.192509640895837199e-02
1.192449754681300725e-02
1.192393089074645501e-02
1.192339931319921775e-02
1.192290403603470453e-02
1.192244210559046357e-02
1.192201484820995180e-02
1.192162495678250091e-02
1.192126765837974930e-02
1.192094653319462211e-02
1.192066147776208070e-02
1.192040993491315544e-02
1.192019393766079530e-02
1.192001377640410087e-02
1.191986928419056305e-02
1.191976043208163409e-02
1.191968627027500428e-02
