6.827698301834755901e-01
6.339757574516142746e-01
5.544975292675945466e-01
4.403103841870191770e-01
3.376798932995170310e-01
3.021004092701116694e-01
2.967730146189169749e-01
2.967788545378030052e-01
2.984694985504328657e-01
3.007755362122324083e-01
3.025984085478359287e-01
3.038350204976449365e-01
3.044827292092741056e-01
3.046424789909897290e-01
3.043838863453187660e-01
3.038106793381557535e-01
3.029346804893564005e-01
3.017776492433076330e-01
3.003464571092598345e-01
2.986255117558260785e-01
2.965695299683092645e-01
2.941407971214882733e-01
2.912891158483666976e-01
2.878642856360943414e-01
2.837709919668374714e-01
2.788489964647111741e-01
2.728483497676886804e-01
2.655534240062726314e-01
2.571510413133886730e-01
2.478976459275205879e-01
2.378289593409369518e-01
2.272965769637877442e-01
2.411361597120706690e-01
2.223796465959297919e-01
2.085136290463915354e-01
2.107271767860302847e-01
2.140578956552492140e-01
2.139939386940573618e-01
2.070741458396502255e-01
1.940989925951294992e-01
1.849901952606496092e-01
1.914588743115942515e-01
1.850461331995922054e-01
1.709627562197990891e-01
1.728713577948641222e-01
1.717312418125468143e-01
1.638150184071549553e-01
1.597251065304794160e-01
1.599982316570319196e-01
1.528749959239388001e-01
1.476765624328308657e-01
1.474864347107598395e-01
1.390006159479030834e-01
1.365900950060513763e-01
1.322248450164935640e-01
1.254549461590232784e-01
1.221450608284802564e-01
1.130181872601080106e-01
1.119743924300709292e-01
1.038683926480867964e-01
1.028906707851037772e-01
9.697064915954575759e-02
9.598153121082013406e-02
9.483076337561180402e-02
8.921559668654122088e-02
9.329063706680738866e-02
8.238013648754151375e-02
8.360262815206229159e-02
8.117835784305273139e-02
7.430003199673025638e-02
7.299081573013295465e-02
7.366547330647549297e-02
6.945696901405562507e-02
6.555293263508184254e-02
6.731998838672190177e-02
6.351936548521400216e-02
5.931924548527035129e-02
5.911425778888066557e-02
5.862363888990183153e-02
5.472510336456544444e-02
5.847835422525145960e-02
6.764035663599478332e-02
6.085429289866859520e-02
7.123520295645226208e-02
5.798449375744966355e-02
7.623294373726099971e-02
7.755805410039554038e-02
5.846489088377548882e-02
8.423755519216648280e-02
7.601603959105146524e-02
6.035198300104874930e-02
7.417989782173566027e-02
6.450305149912799463e-02
6.139099231662661915e-02
6.904412473549183249e-02
5.325119882718174630e-02
5.998640197337138519e-02
5.898919054871659684e-02
5.522861546473212951e-02
5.613224089926567573e-02
5.206116398774199988e-02
5.576260454686275680e-02
5.154621456041353494e-02
5.380441938483855602e-02
5.154406375343081187e-02
5.404781468837319830e-02
5.139868050850350534e-02
5.321630876743416866e-02
4.992071755673101185e-02
5.256311498015880240e-02
5.043458755451796227e-02
5.015615379521027456e-02
4.977502370915041358e-02
5.022971952768995330e-02
4.923711002294644395e-02
4.765426598405397840e-02
4.919036503390587095e-02
4.819712995988385817e-02
4.712702186032404622e-02
4.777793258177819025e-02
4.764061038448302171e-02
4.631384620498066318e-02
4.688411013714680053e-02
4.790000677482922353e-02
4.553481755446849716e-02
4.899371099590025397e-02
5.005984670551900939e-02
4.816367442619760852e-02
5.146231183325421232e-02
4.509427977740542576e-02
5.361787056551602093e-02
4.585973777517263206e-02
5.704628004381535888e-02
4.635186902749267868e-02
6.144398015785004080e-02
5.987461083295516490e-02
4.706962031635129884e-02
5.862540378048602258e-02
4.496484590967878697e-02
5.374395952041835511e-02
4.896489856255013817e-02
5.019925713256525451e-02
4.688653723135630114e-02
5.273878579825091312e-02
5.175709857927504598e-02
4.791312527230035673e-02
5.020286308455571694e-02
4.425945569535720547e-02
4.710169542693958683e-02
4.605568075870598160e-02
4.376380984509484900e-02
4.739214456774110129e-02
4.698738504689219803e-02
4.647357647809829961e-02
4.256777339911616692e-02
4.567984271471828978e-02
4.522567582911352080e-02
4.356048325396010695e-02
4.260016103028741591e-02
4.392230401193102096e-02
4.369897396647734467e-02
4.082040698564879527e-02
4.220003727486842937e-02
4.248208352529667109e-02
3.989327150737905642e-02
4.124083292883558294e-02
4.131733926864916695e-02
4.033312522377595355e-02
4.155493009029344320e-02
4.156084848684040572e-02
3.920561783067672001e-02
3.961437089993647548e-02
4.002092723907652722e-02
3.880513882828779543e-02
3.970003227321629996e-02
4.151927087031341557e-02
3.919454444931048248e-02
3.912458136307818413e-02
3.931805952410317995e-02
3.802803220607285650e-02
3.882661813160461634e-02
3.862913735693949968e-02
3.774170014005757967e-02
3.866789495466724930e-02
3.776896410177802560e-02
3.779798208971329315e-02
3.801030439128970373e-02
3.813487932910054889e-02
4.123481668274242562e-02
4.011970724503095137e-02
3.776487301343110087e-02
4.272913016870333314e-02
3.937717414114040582e-02
4.088409283731277849e-02
4.315882883608783416e-02
3.781223568510414662e-02
4.656307249665165432e-02
3.712200443816517786e-02
4.519379855789924794e-02
3.700546913193747400e-02
3.951156166947395604e-02
4.256728826838721697e-02
3.705618900354536865e-02
4.295523303533927556e-02
3.643988042182870479e-02
4.115581055576591346e-02
3.907170146719264603e-02
3.620611432381284217e-02
4.026598666719965330e-02
3.716717455920352103e-02
3.702330930257213826e-02
4.084240814341770498e-02
3.591246996584884776e-02
3.822742802880792212e-02
3.920319685081957717e-02
3.577896537593482779e-02
3.807088692645324568e-02
3.822690656254060931e-02
3.562214782474651398e-02
3.583721875816110042e-02
3.779478473585037163e-02
3.580101338895059354e-02
3.528060309233047032e-02
3.838321648886581366e-02
3.621533841917069091e-02
3.443478917007219281e-02
3.706786860223276747e-02
3.599881943400662365e-02
3.419572961231586578e-02
3.737572421305543346e-02
3.648973134819028658e-02
3.374820004010256613e-02
3.611361252293173590e-02
3.577614595314315693e-02
3.345794461965456018e-02
3.533730594059954211e-02
3.637644811760535474e-02
3.359867504820153450e-02
3.469819693176332681e-02
3.528818312486997621e-02
3.506641925002337151e-02
3.441009808991730978e-02
3.323600028711210658e-02
3.352593337946163654e-02
3.493926311713812377e-02
3.516633928954408794e-02
3.309135605819521486e-02
3.261044573183236733e-02
3.290700550351334519e-02
3.464324073838991047e-02
3.469866601596462152e-02
3.269046681479711308e-02
3.210241410154971581e-02
3.244160176279043545e-02
3.430247325702471400e-02
3.406469691758458318e-02
3.258385033093510325e-02
3.174585172109206654e-02
3.349562087573830504e-02
3.418177080003090285e-02
3.240391710047066387e-02
3.183601032745578957e-02
3.126456860044530411e-02
3.154505913779298565e-02
3.233802188530798816e-02
3.364536634311109803e-02
3.265145353944096107e-02
3.096190917572669288e-02
3.329435377011170233e-02
3.274251482578890288e-02
3.122939198249737730e-02
3.141147913819836157e-02
3.063254513417805122e-02
3.111690351555146047e-02
3.237737204474967073e-02
3.357356325904066463e-02
3.088537852176228768e-02
3.028075524240883207e-02
3.293029314395740093e-02
3.203672189463735442e-02
3.042782212202872413e-02
3.020299386967128033e-02
2.985786539211171195e-02
3.001794159126161890e-02
3.136771297355323007e-02
3.302765622422677849e-02
2.996557177501726552e-02
2.932339091859614486e-02
3.118152006322921430e-02
3.195012354438894753e-02
3.073524601566275313e-02
2.910218498907281987e-02
2.881186679705741507e-02
2.950522937845274918e-02
3.169144166531195905e-02
3.185611014015567177e-02
2.872600850497594033e-02
2.944001584336725444e-02
3.287548978396621913e-02
2.887120413675114960e-02
2.841320055783369547e-02
3.150591633054659196e-02
2.960042353762826206e-02
2.804017896774349539e-02
2.786157206560436334e-02
2.874604832135297175e-02
3.070995508532586155e-02
2.877652321822159534e-02
2.762990848467352170e-02
2.842819795789871748e-02
3.087706688181143105e-02
2.956895951591967386e-02
2.741352316956061422e-02
2.736062134357275868e-02
2.943933669340215512e-02
2.919270087094810381e-02
2.813059041392106455e-02
2.709355817497042379e-02
2.674385966787992328e-02
2.710925171311604973e-02
2.873366843276046675e-02
3.036880904602977035e-02
2.677407998153195218e-02
2.818967965562051148e-02
3.244390313418604038e-02
2.648211849142319274e-02
3.630489363079993786e-02
2.675250810789130823e-02
3.770553760936180832e-02
3.013591236633583054e-02
4.145446345460812587e-02
3.885156851616883983e-02
3.164300276421677660e-02
3.436166448010569835e-02
2.946935278714890236e-02
3.012235770311211952e-02
3.082486822233322654e-02
2.863898459338523259e-02
3.299314441376592633e-02
2.746958012689489775e-02
3.439309032763938900e-02
3.039458825751908955e-02
3.434037910249757714e-02
3.277194704035647776e-02
3.045040119984524646e-02
3.137656072475152047e-02
2.912938954923466675e-02
2.993393149646380799e-02
2.756137481963274322e-02
2.767664285386062240e-02
2.794449060196833173e-02
2.570454725793783896e-02
2.807603102390343608e-02
2.470260890396441117e-02
2.736239415704506614e-02
2.466152155962397091e-02
2.567283448138960034e-02
2.595492344318841779e-02
2.404199615855719119e-02
2.482279576197165757e-02
2.494903016959545972e-02
2.370852308002991890e-02
2.455074854681420574e-02
2.452281142837469535e-02
2.382925146183521511e-02
2.360362347794430979e-02
2.342387108275285207e-02
2.370305849513321475e-02
2.335061560714350379e-02
2.311673961710996456e-02
2.311278786098310001e-02
2.324490963907939467e-02
2.307427910694440434e-02
2.344082524012161897e-02
2.296756621229815651e-02
2.265600592682901274e-02
2.239149030588833203e-02
2.223172468889523384e-02
2.234781277407327585e-02
2.288419957798258283e-02
2.294127590678729164e-02
2.271223167614585745e-02
2.253315183323309837e-02
2.217576811933957490e-02
2.206543521451116707e-02
2.216523119704906161e-02
2.254584290662245763e-02
2.170554960285414961e-02
2.163935727158140809e-02
2.173380176516799198e-02
2.151671378209909363e-02
2.174102811677033897e-02
2.103047001236543756e-02
2.219206755302837591e-02
2.145999625612952239e-02
2.222938738079564824e-02
2.286449413901801148e-02
2.068610257993327983e-02
2.114501494438358886e-02
2.208461954166428959e-02
2.259533135526190298e-02
2.171058710968398059e-02
2.028344703254758227e-02
2.138185941915917918e-02
2.295094623977343359e-02
2.099578166947719399e-02
2.007421676670710989e-02
2.125732489871717465e-02
2.166614027067899351e-02
2.176402054299808944e-02
2.040897675574736628e-02
1.970280074633661005e-02
1.963699387453379103e-02
1.949834531607767818e-02
1.968277192750508831e-02
2.039630839005843882e-02
2.145163010647139698e-02
2.047083683048966235e-02
1.944226108282453083e-02
1.968027465934275161e-02
1.903749141841574663e-02
2.058541802331348425e-02
1.987460061632173591e-02
2.034336542024392513e-02
2.032134556801774503e-02
1.948828289434604080e-02
1.887814932047571573e-02
1.902847452123571093e-02
1.980417125028111069e-02
2.041343796591728668e-02
2.033738985994161183e-02
1.859314158568533409e-02
1.888648331802979946e-02
1.812052416580473349e-02
1.849502659920977329e-02
1.901293862485445643e-02
2.141721778252095656e-02
1.881068420813343176e-02
1.801648552536692233e-02
1.821508699676709780e-02
2.012083354739493957e-02
2.109264060745049893e-02
1.819630456668099028e-02
1.807882486601067318e-02
2.179308920453898457e-02
1.860263875877127965e-02
2.010195357294091573e-02
2.087447117700814980e-02
1.970924551381344342e-02
2.652568615317348749e-02
2.091306364366914486e-02
2.771209261937011489e-02
2.250765338965213941e-02
2.972454520433456468e-02
2.876219655696335073e-02
2.214777708778413456e-02
2.760440763824006244e-02
1.808582804706421188e-02
2.332569233992741811e-02
1.921065723308093207e-02
2.140227606611651290e-02
2.079604362019259883e-02
2.163257238136461619e-02
1.996943332537099228e-02
1.890556290475606249e-02
2.149547228136289984e-02
1.841222226011268726e-02
2.270593619393766402e-02
1.830546535270989594e-02
2.438506494657584345e-02
1.825829133047430011e-02
2.368852980276317174e-02
1.796278326590848226e-02
2.701026186398665374e-02
2.354264594152681578e-02
2.260560431890996577e-02
2.225722194930878500e-02
2.168191636400366995e-02
2.105946588272618672e-02
2.216064370170540976e-02
2.151520179220667295e-02
2.072796383990918936e-02
2.162605487004188448e-02
1.939039441262650765e-02
1.860139799824156101e-02
2.161829257196555554e-02
1.992241186226476751e-02
2.076333887575940867e-02
1.879033558408749194e-02
2.181359887928946764e-02
1.907653008309138226e-02
2.023846316621734018e-02
1.807090549734897966e-02
2.150100844404483069e-02
1.930640385851190369e-02
2.086105789403292290e-02
1.875965282198500256e-02
2.183434823442993722e-02
2.015144622689771584e-02
1.942490393830321668e-02
1.891205525058736389e-02
1.996270494021375186e-02
1.877242149017923148e-02
1.943140500434460335e-02
1.763800658283681821e-02
2.013094363800180600e-02
1.790382462111591438e-02
1.990084151212068164e-02
1.807707260258570314e-02
2.042400203887218338e-02
1.820303277156240518e-02
1.948317570283776903e-02
1.742216992801435410e-02
2.044017003955488770e-02
1.867200789532850319e-02
1.907876428626955820e-02
1.777362976265263114e-02
1.904689612895770282e-02
1.798542898059487041e-02
1.818324674556561285e-02
1.712745822483858690e-02
1.886329258452917879e-02
1.708962101391034785e-02
1.858278851533066989e-02
1.647032669305274755e-02
1.876233746994832377e-02
1.620363883944599126e-02
1.885961571314707236e-02
1.638957221876743975e-02
1.943461059480927969e-02
1.688258823700297326e-02
1.900388761225572237e-02
1.676969079071014349e-02
1.968046870225134345e-02
1.761817185257468985e-02
1.918002212970281589e-02
1.800444532758808253e-02
1.868075356275832738e-02
1.775064142057263331e-02
1.767611162785186901e-02
1.698350100066053220e-02
1.756115605039462388e-02
1.667604807922421634e-02
1.745350459943631125e-02
1.618977152745295842e-02
1.731857565810790769e-02
1.604492547780949838e-02
1.713679387286078104e-02
1.562557788588435706e-02
1.715547209506696619e-02
1.551116375996127242e-02
1.717537744734487851e-02
1.528241680047084938e-02
1.684913459467536623e-02
1.519034013209899850e-02
1.629037694907024131e-02
1.546811192192096111e-02
1.563165642715143300e-02
1.577339726517309332e-02
1.506972867524709360e-02
1.577769540729390477e-02
1.495564763948702657e-02
1.558522923300064561e-02
1.523261849360381219e-02
1.510478768796786816e-02
1.541786566517730321e-02
1.477341871845308692e-02
1.519817280198222827e-02
1.491822263009431014e-02
1.482432025954435843e-02
1.511553147536833820e-02
1.467279646700289653e-02
1.484746152331135362e-02
1.480708444734626407e-02
1.460509485099396355e-02
1.476995436815591901e-02
1.462496062154507691e-02
1.451664566384975458e-02
1.462299401771044623e-02
1.447600029007010437e-02
1.448436959219437208e-02
1.457322570983457521e-02
1.443595618711817664e-02
1.440772572868203628e-02
1.450731025355959936e-02
1.432229906038609037e-02
1.437092675538912713e-02
1.439351680318718373e-02
1.427002063877707595e-02
1.426853379883952742e-02
1.431109951398657279e-02
1.421942709983888345e-02
1.417743882958432539e-02
1.422011437005046841e-02
1.419108401112922045e-02
1.410648405334356294e-02
1.414042391124564237e-02
1.414694545611226012e-02
1.408019210679403027e-02
1.402784572336353633e-02
1.404292318525760495e-02
1.405333373084563173e-02
1.401586556194144365e-02
1.396262208778245757e-02
1.394090487049164280e-02
1.394705047577488727e-02
1.395098465733681826e-02
1.391566494978690657e-02
1.388470269826484749e-02
1.385618224854200456e-02
1.382943503281891529e-02
1.381186048720463994e-02
1.380399795431810038e-02
1.380635713075641438e-02
1.383149861025324660e-02
1.387306893777979361e-02
1.381547588650552071e-02
1.376740653778413086e-02
1.371272288061322307e-02
1.368507117311901916e-02
1.366920124374156227e-02
1.366306648879563913e-02
1.365948681857450005e-02
1.368869893870110904e-02
1.369710528871605736e-02
1.372880707204757536e-02
1.366070713608638632e-02
1.362380216749948907e-02
1.357419117677212232e-02
1.355154627699199470e-02
1.353914408338829575e-02
1.355035121908771539e-02
1.356935466166065557e-02
1.361987356783769809e-02
1.354956168907962832e-02
1.353869928391981600e-02
1.349875773013744888e-02
1.351847449316599843e-02
1.344865144828667758e-02
1.344561316877954105e-02
1.342554879728248551e-02
1.347679722270812668e-02
1.342383792655537332e-02
1.342411923494864906e-02
1.340051854021551657e-02
1.340678254177482022e-02
1.337307167155421701e-02
1.336085324896507665e-02
1.333508745194961209e-02
1.333248414227634557e-02
1.332658011541742321e-02
1.333443738527276962e-02
1.330251965777346466e-02
1.329621311774704419e-02
1.327391014145116316e-02
1.327452410534349196e-02
1.323942103789304582e-02
1.321457222772209547e-02
1.319616798357009686e-02
1.319132462638738026e-02
1.317184566672632666e-02
1.315729293458993074e-02
1.314603920782291338e-02
1.314782699123881807e-02
1.314289289995086187e-02
1.314467067618116033e-02
1.311594786589520209e-02
1.309017110907154807e-02
1.307155824921603544e-02
1.306943227785663762e-02
1.306318843117234944e-02
1.306078556571845656e-02
1.305718209784990577e-02
1.304611935189144145e-02
1.302533734786407750e-02
1.299406167060626616e-02
1.298090397552978392e-02
1.296918199274270725e-02
1.296479170029781261e-02
1.297782054039315486e-02
1.297160372357720158e-02
1.297243996598368768e-02
1.294187676905239962e-02
1.291279633140582188e-02
1.289535891687829117e-02
1.287375741368047485e-02
1.287482153247233863e-02
1.286117091603159769e-02
1.287339602004318462e-02
1.287553685676970892e-02
1.285898485528401414e-02
1.283065631815715792e-02
1.280975458384618106e-02
1.278987329213396133e-02
1.278230411421192765e-02
1.277626923487566388e-02
1.278976109300918040e-02
1.278688961970206664e-02
1.276152220444187399e-02
1.272730655678259645e-02
1.271150194677466393e-02
1.269291543436529279e-02
1.268869036350957907e-02
1.268279312561827916e-02
1.268935333248727253e-02
1.268803150958210113e-02
1.268320245962448363e-02
1.266291446796647888e-02
1.264414699987650471e-02
1.261883628413964717e-02
1.260940581608148425e-02
1.259385963685720304e-02
1.258929456842459993e-02
1.258407786481813284e-02
1.258049418134198592e-02
1.256436980327376406e-02
1.255660851047549730e-02
1.253695473048180645e-02
1.252908925245699995e-02
1.251425087395578381e-02
1.250542691501092124e-02
1.249075042967873368e-02
1.249037227581741190e-02
1.247947129891980624e-02
1.246819988999584537e-02
1.245550176270391295e-02
1.244505307644369445e-02
1.243435729125756846e-02
1.243073717812247930e-02
1.241452159303110467e-02
1.240998499578989216e-02
1.239161486865077849e-02
1.238329372357329337e-02
1.236424681491597559e-02
1.235671377153980434e-02
1.234647495451867034e-02
1.233553008633519500e-02
1.232823538158343488e-02
1.232206353461471997e-02
1.232191622318668661e-02
1.230985842970395462e-02
1.231209495094080092e-02
1.229176406004218840e-02
1.228447485406255167e-02
1.226346909738479894e-02
1.226415186361044796e-02
1.225744307513822184e-02
1.225773632861485926e-02
1.225507074343949905e-02
1.223290479812239387e-02
1.221747317602142092e-02
1.220515658361900034e-02
1.220902034004454559e-02
1.221026513224274246e-02
1.220204146293814643e-02
1.218480880344834962e-02
1.216750857640959416e-02
1.215617177717253326e-02
1.214334123180234662e-02
1.214140050715884107e-02
1.213561635243525123e-02
1.212802231459335009e-02
1.211080598058305452e-02
1.210310261564529442e-02
1.209492666675698533e-02
1.208933379301888218e-02
1.207823122712354917e-02
1.207586769267633350e-02
1.206457230907822219e-02
1.205782685373672260e-02
1.204550436892325681e-02
1.203903096671022493e-02
1.203133687801923556e-02
1.202500164289068557e-02
1.201625783939445913e-02
1.200841579050814824e-02
1.200624500462789054e-02
1.199519370129113402e-02
1.198573078507640319e-02
1.198168034088968083e-02
1.196932867859923193e-02
1.196810967954893036e-02
1.195063438611051673e-02
1.196271212237641664e-02
1.193788681911294412e-02
1.193616166398540207e-02
1.192211819921973164e-02
1.192445820711740198e-02
1.190876274166335902e-02
1.190575970743647585e-02
1.189468425508373277e-02
1.189255712980558273e-02
1.187865057859470962e-02
1.187588688671650620e-02
1.186704214053439441e-02
1.185888215513583761e-02
1.185037898288080101e-02
1.184576132398566795e-02
1.183884623508294973e-02
1.183028116874358313e-02
1.182247862826842945e-02
1.181672602137972920e-02
1.181042894594932537e-02
1.180344214641548123e-02
1.179552123742211474e-02
1.179016433252670810e-02
1.178312508592253664e-02
1.177595557385235740e-02
1.176934888699984923e-02
1.176354741195536312e-02
1.175656079309630661e-02
1.175043270673745144e-02
1.174365834065724951e-02
1.173788306709389398e-02
1.173077339241005573e-02
1.172487856122334492e-02
1.171866915123160983e-02
1.171264009067461871e-02
1.170571046461553640e-02
1.169995396366077522e-02
1.169435298155719304e-02
1.168799977050414933e-02
1.168120442237251949e-02
1.167581352593069846e-02
1.167002861711940662e-02
1.166340909375728103e-02
1.165751498829042769e-02
1.165248657222136414e-02
1.164683939303082054e-02
1.164035485756863622e-02
1.163501425889526542e-02
1.162829473579959742e-02
1.162263515776308306e-02
1.161762221097253564e-02
1.161140839796365523e-02
1.160543323986609407e-02
1.160062717673115799e-02
1.159404693398640232e-02
1.158871667680574924e-02
1.158288572737068041e-02
1.157737842197850350e-02
1.157207563900310328e-02
1.156634370429957502e-02
1.156136075504641571e-02
1.155553573883113909e-02
1.155031891932755198e-02
1.154502903531335473e-02
1.153974553547867238e-02
1.153454993664796910e-02
1.152926381456522743e-02
1.152408749028429290e-02
1.151893474472397670e-02
1.151381270675279865e-02
1.150874349871535210e-02
1.150364937976861533e-02
1.149867115301364366e-02
1.149366170281411817e-02
1.148867400659220675e-02
1.148383585885433267e-02
1.147897988593813735e-02
1.147402485002627787e-02
1.146922171615990561e-02
1.146445864516430595e-02
1.145963306229229317e-02
1.145495524841243749e-02
1.145019745365768137e-02
1.144558304631689526e-02
1.144101295721819227e-02
1.143645590415508749e-02
1.143176721689578845e-02
1.142745418547745119e-02
1.142272872827756677e-02
1.141827451216135235e-02
1.141393023282387398e-02
1.140943957315023599e-02
1.140506845587085233e-02
1.140069226678287577e-02
1.139645200996203776e-02
1.139204122279115390e-02
1.138787461185766965e-02
1.138384834103223914e-02
1.137941825024584713e-02
1.137547321894025534e-02
1.137127969042541799e-02
1.136709005265937496e-02
1.136319710940161473e-02
1.135897965438563070e-02
1.135518200625998744e-02
1.135100931575935834e-02
1.134731905867489461e-02
1.134311842650886221e-02
1.133944320325934799e-02
1.133534596619363566e-02
1.133175632326372320e-02
1.132772875342178721e-02
1.132419942683226405e-02
1.132023033748725573e-02
1.131662752116879139e-02
1.131287488604057825e-02
1.130932951624895495e-02
1.130567795867557651e-02
1.130213991738492768e-02
1.129861383603496597e-02
1.129516648181053823e-02
1.129160740100987152e-02
1.128816424141022672e-02
1.128478247129153199e-02
1.128139563325738018e-02
1.127803729319797055e-02
1.127470704230477787e-02
1.127145585794652079e-02
1.126822772954293519e-02
1.126503259749115672e-02
1.126181348087079877e-02
1.125866935559512172e-02
1.125558459988900903e-02
1.125249590393602624e-02
1.124942277978866617e-02
1.124645778974373705e-02
1.124341775827531094e-02
1.124053344340013305e-02
1.123758556402537807e-02
1.123468575099013760e-02
1.123188075665679242e-02
1.122903724673982029e-02
1.122629358375325237e-02
1.122352725895743586e-02
1.122079023394125311e-02
1.121812944868896995e-02
1.121548840816461411e-02
1.121290570124645718e-02
1.121032755408562891e-02
1.120782173692423320e-02
1.120529428069517650e-02
1.120282638579592031e-02
1.120044473872856307e-02
1.119803196821823540e-02
1.119566749231505273e-02
1.119334987906588780e-02
1.119108708435710524e-02
1.118881106015101601e-02
1.118659946326799014e-02
1.118441296677605799e-02
1.118225003693789146e-02
1.118015484357431401e-02
1.117805367157973656e-02
1.117600239786116847e-02
1.117398484644169937e-02
1.117204868720413947e-02
1.117009742722186241e-02
1.116816229791770844e-02
1.116633430781988588e-02
1.116448062470201327e-02
1.116268154699188130e-02
1.116094798360976574e-02
1.115920931630128704e-02
1.115755077799915167e-02
1.115589056059595845e-02
1.115429117035094363e-02
1.115267734565267288e-02
1.115119405607647475e-02
1.114964830391159192e-02
1.114820043536411155e-02
1.114676653220189433e-02
1.114536857033569285e-02
1.114402565074183726e-02
1.114271012865935065e-02
1.114143668444322541e-02
1.114020855855620516e-02
1.113898865043875565e-02
1.113783925813084316e-02
1.113672880615001332e-02
1.113564840384414188e-02
1.113458846683180840e-02
1.113359037335165912e-02
1.113263813486047894e-02
1.113170734291504642e-02
1.113080725282391235e-02
1.112995530443925893e-02
1.112914180676062743e-02
1.112836267955082288e-02
1.112760461545777776e-02
1.112689969930198523e-02
1.112622483160580558e-02
1.112559863748220461e-02
1.112500150719794925e-02
1.112442716282204327e-02
1.112391352001601726e-02
1.112342762545363156e-02
1.112296792252214124e-02
1.112255720655358493e-02
1.112218891781192702e-02
1.112184502900849872e-02
1.112153689131716201e-02
1.112127782539933107e-02
1.112105289139861571e-02
1.112086092733661873e-02
1.112070438837253067e-02
1.112058741848927397e-02
1.112051197237443056e-02
