2.289409796607988767e-01
2.037563145899967121e-01
1.582124777265665749e-01
1.061346486338380773e-01
9.750174776239313446e-02
1.149624326889374243e-01
1.163761021887019381e-01
1.024938043328292303e-01
8.762592690648905724e-02
9.188988407220928523e-02
9.843601480285971150e-02
8.924336576571147150e-02
8.085120033254378225e-02
8.347188129023104530e-02
8.679458687850967469e-02
8.166785751963506756e-02
7.386790504727117068e-02
7.621271962355316565e-02
7.799149608582690851e-02
7.264268751108261812e-02
6.708355734292319184e-02
7.189657712907562837e-02
7.046485331380407391e-02
6.372725903806455983e-02
6.626975137161952856e-02
6.697060860898147727e-02
6.227115315109633953e-02
5.945437245488494060e-02
6.072418128377277124e-02
5.744175955305309833e-02
5.374101449493594307e-02
5.368593538887406896e-02
5.174256520055133673e-02
4.760895102462927436e-02
4.588545577385760160e-02
4.473937573310618476e-02
4.092017742023028315e-02
3.975956774017707501e-02
3.742939211066449029e-02
3.393244438105003091e-02
3.213457087527220313e-02
3.004587397422428183e-02
2.761874875170254595e-02
2.663699107701926125e-02
2.457735815984658789e-02
2.339184059447508776e-02
2.226208841838472896e-02
2.173731345137002932e-02
2.093755575482340522e-02
2.041398895392800700e-02
1.904415457103220480e-02
1.858286178961215604e-02
1.752493782517441576e-02
1.714713287051047863e-02
1.665720632464006215e-02
1.586682281330747957e-02
1.573523986462734350e-02
1.499102914506402970e-02
1.436570445996300169e-02
1.415152220459756083e-02
1.383034287604098869e-02
1.329551619494788277e-02
1.295067615343114577e-02
1.280177898696775729e-02
1.323760384079412586e-02
1.271453217922905582e-02
1.305325779186595515e-02
1.351223181294673899e-02
1.221461385957034809e-02
1.186617504445888760e-02
1.166434854650127799e-02
1.256599380795836093e-02
1.303710424407983348e-02
1.093622654972800819e-02
1.294268973227620176e-02
1.119155946471900483e-02
1.041332517019953954e-02
1.159126423732345645e-02
1.275400928079349107e-02
1.006732144234162574e-02
1.202813898172217996e-02
1.177590713142142968e-02
1.171619730160654814e-02
1.127349496472764348e-02
9.628290830436559214e-03
1.299245249735010189e-02
1.020942173843529879e-02
1.370693209858774020e-02
1.123962340255475235e-02
1.405641776262116574e-02
1.264400348710202279e-02
1.277535979695308861e-02
1.383894449463999969e-02
9.813142597089173635e-03
1.449211948930987162e-02
1.207392208675902440e-02
1.261119854839687880e-02
1.316098191616607398e-02
1.052176872418597066e-02
1.172018872120253984e-02
9.120823422158627625e-03
9.350967481648408616e-03
9.080145689757821575e-03
8.566999129699413157e-03
8.750788185295619789e-03
8.904070562990083412e-03
8.764577153231142143e-03
8.843524971245178209e-03
8.556283799262711168e-03
8.314373442734016018e-03
8.560009939258424877e-03
8.578574491862559631e-03
8.641243489653617840e-03
8.065283623892438927e-03
8.485859199959059837e-03
9.333749562340712749e-03
8.268282404304633237e-03
1.032838865935748092e-02
8.322099740990799438e-03
1.249364115999425200e-02
1.192580887506854842e-02
8.643753655378064865e-03
8.474827296364536092e-03
1.050770169027488189e-02
9.035574944178927093e-03
1.119685050726122386e-02
1.131105126330953815e-02
7.937231732343612289e-03
1.051883558099740539e-02
7.587243600519817492e-03
1.204373695970343931e-02
1.122628290085028908e-02
9.343684709801512375e-03
1.127771467576418885e-02
8.727180532516195383e-03
1.100137506088821014e-02
1.041414304426350329e-02
7.857139529691822485e-03
1.041037297515331507e-02
7.968443779765873800e-03
7.523830887675008600e-03
8.529438769146246990e-03
8.239380370137678461e-03
7.799015007889847050e-03
7.691027399437333489e-03
7.523819570698030666e-03
7.334935003150098998e-03
7.365907868249334939e-03
7.878946044392768494e-03
6.531023487460027588e-03
7.178901688701427170e-03
6.515162558138808298e-03
6.471635945716256930e-03
8.241101916732388594e-03
6.767932649441418119e-03
9.904027167529857317e-03
7.439122578172201357e-03
1.098404717431617113e-02
1.079571855645458135e-02
6.670035829350409035e-03
9.409981928631159370e-03
6.266343380244660151e-03
7.885978110040213138e-03
6.849151845212971164e-03
6.829106645874737092e-03
7.777828187124877744e-03
6.976254309185778851e-03
8.639533844636546056e-03
7.770252569231347016e-03
8.212691695798749608e-03
6.801063381082860133e-03
9.408929161398250571e-03
8.443165619755971241e-03
7.873428297067787060e-03
7.840893560040055818e-03
7.670219754585355827e-03
7.658296065010341928e-03
7.107694172703762220e-03
7.240714909711946923e-03
6.787738031105669881e-03
6.199314218004721953e-03
7.326939441575201079e-03
5.961211995179810201e-03
7.434973008523622882e-03
6.082407825236797912e-03
8.924489444804107469e-03
7.711817107050622858e-03
7.344407413896975566e-03
7.085501278141836078e-03
7.352765730587592849e-03
7.085794628201518008e-03
7.204480897696839692e-03
6.678841874957448105e-03
7.410361391938602091e-03
7.230735236495463257e-03
6.021206679183185688e-03
6.505592767177129261e-03
6.409213861327629422e-03
5.495599350231116127e-03
6.780688295612663681e-03
5.348986343639642801e-03
7.483011647915749180e-03
5.340214900677021925e-03
8.224101977157730753e-03
7.368132059071288986e-03
6.683255603735990813e-03
6.597436859008667942e-03
6.322401465599238914e-03
5.860876440798929582e-03
6.696149620685131094e-03
6.279382062584454131e-03
7.520815307613298688e-03
7.636754517529341368e-03
5.159883862397135999e-03
5.656253626890216796e-03
6.090609769211675559e-03
5.095483659457131741e-03
7.048938647684052476e-03
5.038546857228555151e-03
7.903491190476738884e-03
7.088391713557705420e-03
6.565233865011421178e-03
7.215916653032174513e-03
5.303676305404643639e-03
6.965074720975330570e-03
4.567443238980419679e-03
7.261858782386050419e-03
5.087040162604384956e-03
5.603157277856406389e-03
5.655321836159533586e-03
4.959756001110043541e-03
6.173964516327563705e-03
5.953292604480328425e-03
5.540612165021801226e-03
5.416557511445861152e-03
7.561422820735159457e-03
5.474654293329711020e-03
8.090469311959690157e-03
7.962892632338586935e-03
5.221753500038980693e-03
6.869464472946079474e-03
4.466290079101110574e-03
6.352640255806201418e-03
4.732518538086552540e-03
5.741188790747587568e-03
4.740264423719466741e-03
4.889866894687678635e-03
5.506789339297703430e-03
4.561988784257367709e-03
6.412375060964412878e-03
5.467113879057019891e-03
6.429943889232959432e-03
6.179920427131873478e-03
5.183641753492056192e-03
4.679726605779230969e-03
5.499620736403938032e-03
4.513041860794346147e-03
6.322556373528612564e-03
4.527853857713920807e-03
7.247282357284871683e-03
6.846874779276873255e-03
4.963814999027497434e-03
5.743220830403567359e-03
4.870443696908398519e-03
4.691270482818788411e-03
5.524920867645421660e-03
4.621092839509564551e-03
6.310800603664656547e-03
5.980624683992252083e-03
5.129614508095366350e-03
5.423525130676290322e-03
5.039366711221509622e-03
4.930733045542965744e-03
4.814260297077745110e-03
4.429072284730888216e-03
5.726106070776729000e-03
5.080908356531953565e-03
5.852795494172394891e-03
5.618450054684288875e-03
4.777038202210709059e-03
5.468973541188654891e-03
4.577412238619949642e-03
4.289921010938536027e-03
4.750143301741787012e-03
3.903038289501118991e-03
5.081723090381823349e-03
4.437015378280733877e-03
5.139372070489380516e-03
4.000071956628896766e-03
4.166915790879079443e-03
4.736252379130906180e-03
4.005559896541846521e-03
4.098532249584741112e-03
4.409596007725803506e-03
3.992365089481765203e-03
5.046258095234060735e-03
4.026914535612885135e-03
5.775129247552134547e-03
4.992384171088395071e-03
5.330727668589291951e-03
5.330328754974395129e-03
5.159064319870744139e-03
4.328433725106910733e-03
6.172527096720697125e-03
5.306471395448879476e-03
5.788458535133157203e-03
6.122745400399452927e-03
4.541998654417420643e-03
5.839584965203458052e-03
4.227950847733270151e-03
4.968999475933110616e-03
3.721497806966736748e-03
4.847219356643856641e-03
3.750583660870302535e-03
4.033491036850844584e-03
4.430489099106095854e-03
3.583564604126616808e-03
5.051770574319754646e-03
4.039048127082452144e-03
5.363590546886389150e-03
5.303761150021318871e-03
4.740115287291813209e-03
4.013535541035381793e-03
5.383451834777476346e-03
3.917600945431846775e-03
6.130679960466323651e-03
5.577339681109661461e-03
4.717080035534834855e-03
4.725793355809508427e-03
4.990036142614254384e-03
4.803159585531054619e-03
4.689688645619916052e-03
4.500094102780026299e-03
4.834994448906439375e-03
4.479362311758290811e-03
4.872171128659646966e-03
4.283439929433812028e-03
5.160231976188341466e-03
4.754533822381416461e-03
4.719812356067679127e-03
4.232622184382461676e-03
5.196701741492186846e-03
4.705041874942002614e-03
4.771428300252766527e-03
4.657308430386592445e-03
4.615600651980927664e-03
4.510686731803832672e-03
4.426256668590345354e-03
4.005408550847361013e-03
4.687197922582469339e-03
3.934884259333589797e-03
5.243675292970805327e-03
4.462467216634432958e-03
5.065401248773971667e-03
4.815497006938238359e-03
4.631631290682286170e-03
4.769440264513168104e-03
4.056506599352394625e-03
4.090673991018024119e-03
4.307012371596885894e-03
3.725988929186905326e-03
4.753837998561977370e-03
3.953892203907224089e-03
4.810537329846490545e-03
3.934818573653210520e-03
4.999153925295793215e-03
4.454532048654507269e-03
4.747079434268865195e-03
4.634275004162322596e-03
4.284871518202461836e-03
4.268087395193454620e-03
4.238710237668861722e-03
3.763451507070042328e-03
4.804593389334953397e-03
4.270673113456084809e-03
4.735049170718485211e-03
4.255971118426549703e-03
4.763713266514864146e-03
4.572842414087401226e-03
4.304854945618844832e-03
4.378408250561434747e-03
4.004817082685454763e-03
3.954153547239070213e-03
4.180856306861116534e-03
3.585844356511405390e-03
4.504872002034122913e-03
3.780084458795890997e-03
4.599475712381759923e-03
3.836681542704483121e-03
4.809265864429884511e-03
4.390570055941033813e-03
4.339643779464093763e-03
4.249385638470289280e-03
4.181978550192160318e-03
4.013218625497419305e-03
4.312558324993266863e-03
3.930832901615429441e-03
4.345887023555320555e-03
3.911028746245684591e-03
4.481270589247758097e-03
3.971392924217301452e-03
4.457657900862876769e-03
4.153725936843404541e-03
4.276854514439605570e-03
4.148478712831873971e-03
4.108172452381087664e-03
3.978360440166721877e-03
4.136946758146346770e-03
3.614252228353822052e-03
4.454576499473656900e-03
3.870244860691887234e-03
4.330382397467252495e-03
3.880109038118026606e-03
4.411994389357663110e-03
4.129798870354738430e-03
4.142883145099428115e-03
4.042497510343369058e-03
3.983615013420509741e-03
3.812938785468796866e-03
3.858853650588665602e-03
3.513337923735716881e-03
4.159141370208940640e-03
3.572757050315655911e-03
4.460248626886071689e-03
3.890335742290080504e-03
4.454959863871653554e-03
4.117379839875381919e-03
4.229231171395739577e-03
4.204062390123049914e-03
3.894981459580900297e-03
3.946174214923462917e-03
3.804243849472604792e-03
3.635686670996694358e-03
4.002873196797522397e-03
3.550991929114944139e-03
4.034681945526501744e-03
3.454076901605322887e-03
4.332935858342636115e-03
3.791516512993770710e-03
4.225101913433162645e-03
3.853423321257260295e-03
4.204869438681118309e-03
4.016581995775803798e-03
3.866113719858253750e-03
3.725331774097172342e-03
3.914748902488847555e-03
3.596542642997954242e-03
4.152462804715986548e-03
3.731803710953704011e-03
4.162558916696488046e-03
3.796192729616277000e-03
3.957183324245342783e-03
3.695343957496737951e-03
3.982790908389228363e-03
3.700976017502536231e-03
3.973267173801260654e-03
3.652360548841038050e-03
4.049392123359302556e-03
3.724178081576822851e-03
3.944224198973372147e-03
3.634315420730298632e-03
3.971410336041105403e-03
3.684085287866303415e-03
3.955571182538691367e-03
3.683312918481208408e-03
3.945484871921602597e-03
3.679901202055253350e-03
3.772133509575918784e-03
3.568647337393284196e-03
3.747759734772551643e-03
3.465262150971989887e-03
3.667821141838209509e-03
3.242786357586643128e-03
3.822757469870366118e-03
3.229163175357239318e-03
3.908836589594527448e-03
3.211957592890400063e-03
4.170327901742628199e-03
3.673044393025195163e-03
3.994607443233305806e-03
3.698946899766317707e-03
3.894805239855841233e-03
3.723529344839660894e-03
3.728481173382004570e-03
3.558749882591361914e-03
3.787908081364407820e-03
3.470427258595427510e-03
3.910954127504329483e-03
3.559860157347070897e-03
3.935510021808834823e-03
3.642875128576517768e-03
3.861995573564972872e-03
3.730714275964202003e-03
3.603772571656485048e-03
3.568366288817796834e-03
3.557597954039443816e-03
3.350638666535352053e-03
3.718494571546330802e-03
3.316705064677958389e-03
3.661658283090474600e-03
3.185759153457356444e-03
3.861676278467645294e-03
3.367264963806844685e-03
3.912015204165656193e-03
3.652684632301342587e-03
3.563427701107666802e-03
3.433788803004446041e-03
3.515312873177284421e-03
3.216800618205436623e-03
3.682913719971162448e-03
3.243126015825017333e-03
3.599449074192431069e-03
3.133197750177237929e-03
3.705667277003298499e-03
3.229128045382557467e-03
3.469074234071305683e-03
3.114410436386840907e-03
3.556296557018296962e-03
3.298357933280741776e-03
3.657500877802610708e-03
3.479820833375735396e-03
3.506819343775969058e-03
3.547400867072969012e-03
3.382077058772363105e-03
3.459983106397277082e-03
3.594144826131547791e-03
3.362125774840883392e-03
3.622808871658117578e-03
3.148547644765045846e-03
3.661548801670481447e-03
3.250734817417546326e-03
3.468765137282624894e-03
3.145511002699467526e-03
3.615796805145288229e-03
3.082022828850415185e-03
3.583031346828548930e-03
2.997655459394800090e-03
3.678227384921761191e-03
3.048598405022830398e-03
3.693308596724416155e-03
3.099185129292285172e-03
3.816119580553219842e-03
3.432110710437338667e-03
3.473159156129438773e-03
3.241029864178327294e-03
3.595827353156882001e-03
3.222632509825417140e-03
3.734535972056325821e-03
3.329452770246669070e-03
3.713691215417929022e-03
3.467563023327895500e-03
3.642805098672088123e-03
3.621268447828231499e-03
3.266675990377312412e-03
3.437195036001336121e-03
3.195539872322704800e-03
3.165242804712176637e-03
3.330408891731398337e-03
3.096508006049717137e-03
3.206266889034466855e-03
2.891833818540412437e-03
3.290581045620926629e-03
2.950225705329618826e-03
3.288715065477018119e-03
2.903354594958060600e-03
3.161986727176338118e-03
2.877337187276699133e-03
3.122743969035206985e-03
2.906751873371157466e-03
2.930955128126975888e-03
3.059371282741473429e-03
2.742134429929919594e-03
3.124538655056145666e-03
2.819583360712343313e-03
2.813214019681561148e-03
3.055885998680539679e-03
2.714355366605953820e-03
2.868310411073238166e-03
2.970317988480330237e-03
2.752921577023686398e-03
2.928265125294680655e-03
3.022664922856653936e-03
2.753680708034042090e-03
3.197845926076965054e-03
2.698863193687907423e-03
2.989262439035349651e-03
2.905508045732426749e-03
2.672248275715853692e-03
2.942003580532646587e-03
2.831020070193453978e-03
2.686349323149285744e-03
2.802490533124561353e-03
2.900142034805343154e-03
2.684984199379969200e-03
2.686913327659985491e-03
2.785223929576231394e-03
2.727880828879290093e-03
2.622268030219251662e-03
2.727088367241639784e-03
2.897534562957793450e-03
2.648318514174578114e-03
2.650127774788766950e-03
2.833624686921294017e-03
2.727628689509732467e-03
2.636360790449418946e-03
2.598481216422470798e-03
2.597885763412857534e-03
2.660148547764462461e-03
2.868621056702057998e-03
2.743329589366072952e-03
2.645734227134293858e-03
2.626053492149946818e-03
2.761224320584049815e-03
2.827108055177936924e-03
2.644367255447432202e-03
2.616805712167576906e-03
2.751737098760156063e-03
2.881499987864457376e-03
2.585796159636586950e-03
2.696809894306872145e-03
2.982126574822901825e-03
2.591614339174497846e-03
2.833711590425781225e-03
2.997926772248765085e-03
2.736002732880928653e-03
3.256831997655100421e-03
2.810176150271767852e-03
3.625812054032622519e-03
3.500890656868960258e-03
2.871352812185219011e-03
2.900910252045480874e-03
3.219188030904127779e-03
2.982527377829246196e-03
3.369546579906797235e-03
3.260057234511835964e-03
2.982841537427673509e-03
3.034325124914624694e-03
2.966421018335355705e-03
2.849875555506276373e-03
3.177996295490819086e-03
2.930747715382743968e-03
3.211048322965828327e-03
3.021277016606504964e-03
3.220613252015062673e-03
3.278643547667861504e-03
2.771688356481803728e-03
2.881789150677647494e-03
2.986193168920480302e-03
2.822700096039985895e-03
2.902206208457533410e-03
2.638179232394359877e-03
3.015498495784574122e-03
2.669076701904838332e-03
3.075271076655421241e-03
2.667754363635409156e-03
3.259955024507760115e-03
3.061896308536709785e-03
3.056717285971896798e-03
2.994399626897050349e-03
2.974653415899869077e-03
2.978589002728620951e-03
2.907521334790634168e-03
2.728980592997832903e-03
3.094480291248457790e-03
2.976429995152213726e-03
2.945992828724664121e-03
2.826302859465332391e-03
3.109273685900145780e-03
2.986519361980001508e-03
2.904368881246134713e-03
2.825053828432234817e-03
3.027433158510117305e-03
2.979937433567805133e-03
2.903378942479293689e-03
2.763458922800112252e-03
2.998823186066415600e-03
2.945799489139228500e-03
2.828630033130156117e-03
2.783514582849901976e-03
2.784621904847014301e-03
2.659361385366953035e-03
2.851925433715641472e-03
2.573480251862933239e-03
2.769901360945285773e-03
2.566232966523550318e-03
2.765236619365078665e-03
2.544809567611289874e-03
2.661939050927042416e-03
2.642099687071615063e-03
2.516415136188719301e-03
2.599884969356344548e-03
2.587788201331342377e-03
2.513814743935790207e-03
2.571399488975862225e-03
2.564346071636281008e-03
2.596768879964293005e-03
2.554771586817122624e-03
2.574860108576476798e-03
2.797905495901586992e-03
2.538989791227571052e-03
2.732559065251084340e-03
2.767070723642782795e-03
2.613948460940264742e-03
2.650434505677303973e-03
2.678368919441836884e-03
2.637985862484376262e-03
2.748614408531628150e-03
2.655342934931485734e-03
2.717788266655374492e-03
2.739043666540241437e-03
2.610174691115984148e-03
2.542749786752077513e-03
2.626718772302114296e-03
2.619286062345693895e-03
2.559369405056200961e-03
2.490776377067929499e-03
2.652352915031172109e-03
2.516241736632928491e-03
2.580009963261819562e-03
2.526444612081330150e-03
2.628070016583487333e-03
2.593796173035954264e-03
2.571522300641003542e-03
2.712432014582144817e-03
2.527386431105742206e-03
2.503458624951643459e-03
2.440174866742685685e-03
2.520174275018471129e-03
2.598494181437771729e-03
2.450728284122045877e-03
2.509115069782623820e-03
2.425433630158762253e-03
2.435981774044103810e-03
2.548677492897646370e-03
2.542710310232972667e-03
2.468312941213366644e-03
2.431394096665603823e-03
2.608001896046864294e-03
2.484514093364079655e-03
2.395071172066953920e-03
2.498925402839477419e-03
2.483551388488130195e-03
2.393576094210223514e-03
2.417971683519608197e-03
2.468222588257264032e-03
2.599328092156242848e-03
2.453756336094386776e-03
2.533554544936612255e-03
2.668800120523794756e-03
2.479829433088241719e-03
2.867915877513746523e-03
2.532169399111023223e-03
3.130744616744172201e-03
3.093319662545052865e-03
2.507868113718649417e-03
2.778067772654975974e-03
2.472580222370494244e-03
2.488472091830499621e-03
2.718168190168087413e-03
2.411733861729057574e-03
2.790035544870383358e-03
2.483710008000002654e-03
2.993674943953928899e-03
2.762906505262052118e-03
2.854728213134165218e-03
2.845587602782189730e-03
2.599632503651486994e-03
2.631651597928604241e-03
2.741041238441261577e-03
2.636984798333004507e-03
2.732893062705111197e-03
2.653217945099517559e-03
2.765570132295080454e-03
2.738140938860655470e-03
2.624302760975248325e-03
2.560102401809056811e-03
2.690567861014248226e-03
2.642533122189145815e-03
2.657534710655891797e-03
2.590289101685680235e-03
2.722653623406857178e-03
2.696484449145038296e-03
2.631143529063388001e-03
2.601097945720286068e-03
2.614078491142868711e-03
2.601268977285778241e-03
2.685648554129006250e-03
2.604798819176263897e-03
2.719410375410730076e-03
2.598767546609688592e-03
2.758369025121463168e-03
2.421254544376749262e-03
2.728474250293150619e-03
2.459037831739309225e-03
2.744813191697131720e-03
2.556869659968321554e-03
2.604536510076087014e-03
2.544272800619660178e-03
2.593253947319120074e-03
2.463355629730653012e-03
2.589733803997186848e-03
2.465647102031823593e-03
2.703943717924415548e-03
2.443238462897510607e-03
2.817454232669968847e-03
2.600123535849266192e-03
2.664887677967172318e-03
2.626362843751105583e-03
2.571566436978162812e-03
2.597964722944788151e-03
2.465197644789711776e-03
2.498833229370843716e-03
2.486253453622692261e-03
2.437787046435734017e-03
2.551738478241458163e-03
2.398170858897573105e-03
2.598627184606236169e-03
2.464842450583706705e-03
2.622878507857830371e-03
2.524575652561026305e-03
2.593805835615317201e-03
2.620745133689894070e-03
2.411606675318380810e-03
2.512685604287455757e-03
2.404356669732422153e-03
2.420786607637588975e-03
2.444254971335984173e-03
2.375898105868587320e-03
2.441102484182797704e-03
2.354657833324642815e-03
2.441926568632615899e-03
2.331750040555423658e-03
2.419691398206000581e-03
2.330638398544723159e-03
2.398359287814332778e-03
2.347324633118369822e-03
2.334415667784390993e-03
2.366363617339714304e-03
2.312061812255132316e-03
2.361108173072971102e-03
2.326980849560473380e-03
2.307930884165206899e-03
2.339877617762016210e-03
2.319867282868210388e-03
2.306249621115536406e-03
2.333028333234121732e-03
2.322311815807562643e-03
2.297613170067071969e-03
2.302644513639776937e-03
2.317316194323629491e-03
2.299372070308228905e-03
2.291098510285076006e-03
2.296638512521540550e-03
2.301754998239205745e-03
2.311592030002705515e-03
2.295401083627595599e-03
2.287417704980763793e-03
2.304465331922256506e-03
2.306020046544599543e-03
2.288029465372893451e-03
2.284372509182180586e-03
2.289741300726466817e-03
2.292415430736802467e-03
2.284313044055112912e-03
2.278359614679350154e-03
2.277189938342939150e-03
2.279006685871896691e-03
2.281298615450506276e-03
2.275495062603242243e-03
2.272969275689712930e-03
2.274551145667509829e-03
2.275557856056255497e-03
2.276565601168492950e-03
2.271656549317965183e-03
2.268528404243526798e-03
2.270105132654548063e-03
2.271752925180858286e-03
2.272162253345452135e-03
2.268395101623037115e-03
2.264806985117478761e-03
2.265555956567613140e-03
2.267056689517967828e-03
2.267785584397509144e-03
2.263623540437119733e-03
2.260994570315563116e-03
2.261632181204904779e-03
2.261116582005092638e-03
2.260843799588993768e-03
2.258001871270187439e-03
2.257645656033382096e-03
2.257950107730656748e-03
2.255799996118671227e-03
2.255400126845198260e-03
2.255939418678913361e-03
2.254113125677169489e-03
2.253193472890110439e-03
2.252774801873901403e-03
2.251677767903908101e-03
2.251297886371384036e-03
2.250790760296302821e-03
2.249878500252668143e-03
2.249331174723297709e-03
2.248873532352472192e-03
2.247935292357009646e-03
2.247752015444881481e-03
2.247339542308611320e-03
2.246147525502524729e-03
2.246051225870423270e-03
2.245672182409266717e-03
2.244497773822819869e-03
2.244684756744862349e-03
2.244509898982328250e-03
2.242922234514011567e-03
2.243557083946826243e-03
2.243541256617221334e-03
2.241420418978330806e-03
2.242468671482866771e-03
2.242098156841739777e-03
2.239953910820095817e-03
2.241423168618313089e-03
2.240335717782899506e-03
2.238838992570648008e-03
2.239507932478853203e-03
2.237893950006562046e-03
2.237867295207141005e-03
2.237627997167300833e-03
2.236212790142794952e-03
2.236377580396448680e-03
2.235407955933334679e-03
2.235428810868455522e-03
2.235014609546713462e-03
2.234235595188289059e-03
2.234197769993311131e-03
2.233321794536975626e-03
2.233181700437023368e-03
2.232528106164601532e-03
2.232398768229029891e-03
2.231984446475251526e-03
2.231459431331032396e-03
2.231304658111177459e-03
2.230655253748747933e-03
2.230525533512084466e-03
2.229945195721826871e-03
2.229828879542028724e-03
2.229391847815491261e-03
2.229052493186931862e-03
2.228795151465382332e-03
2.228312974057396895e-03
2.228120618766620507e-03
2.227708036899848313e-03
2.227480921688696283e-03
2.227111970564667632e-03
2.226892627917362918e-03
2.226548756332274222e-03
2.226363006114262175e-03
2.226004520318811217e-03
2.225836059436837964e-03
2.225489248871985720e-03
2.225327103509433697e-03
2.224990555141421588e-03
2.224826945934444983e-03
2.224521213556800419e-03
2.224355455267711893e-03
2.224069697089456430e-03
2.223894292760801410e-03
2.223652700819950690e-03
2.223468276855686959e-03
2.223260906175010369e-03
2.223060022457760705e-03
2.222891290860532984e-03
2.222684681385084585e-03
2.222537873788292713e-03
2.222346086239055871e-03
2.222183867523602838e-03
2.222034569846069538e-03
2.221870673787621105e-03
2.221727513622951625e-03
2.221588815498945751e-03
2.221446999366503798e-03
2.221323101534888444e-03
2.221197455504980364e-03
2.221077858646681221e-03
2.220970743304658771e-03
2.220860423272650284e-03
2.220761892583117576e-03
2.220668774164994124e-03
2.220579305895364463e-03
2.220495930673097897e-03
2.220419935112256243e-03
2.220349450854394117e-03
2.220283449303022284e-03
2.220224561115635101e-03
2.220171739198595080e-03
2.220124197341752717e-03
2.220082342146805637e-03
2.220046604462629081e-03
2.220016791761801958e-03
2.219992760714292832e-03
2.219974552555829209e-03
2.219962264437162075e-03
