#idx	atoms.symbols	etot  (Har)	ehf  (Har)	eccsd  (Har)	eccsdt  (Har)
0	LiF	-107.30594204653971	-106.97904009260591	-107.29740278499106	-0.008539261548647661
1	ClH	-460.4234539512148	-460.10036331074446	-460.41426849586867	-0.009185455346145593
2	FH	-100.3647418657816	-100.05733758826452	-100.35752534285567	-0.007216522925928305
3	F	-99.64090370770161	-99.40180901601873	-99.63670732274572	-0.004196384955884183
4	HF2	-199.83347024469637	-199.26064260365442	-199.81370468506998	-0.01976555962638953
5	Li	-7.447596712081983	-7.432026884831436	-7.447579451221094	-1.7260860888328995e-05
6	H	-0.49981791563041994	-0.49981791563041966	-0.49981791563041994	None
7	Cl	-459.75483999758416	-459.4771934240403	-459.74801874833037	-0.006821249253763962
8	F	-99.64090370770145	-99.40180901601857	-99.63670732274556	-0.004196384955884213
9	OH2OH2	-152.31270733401323	-151.73231581081134	-152.2949011882479	-0.01780614576531625
10	OH2OH2	-152.33307035505166	-151.78550065401362	-152.31905060114892	-0.014019753902750735
