#idx	atoms.symbols	etot  (Har)	ehf  (Har)	eccsd  (Har)	eccsdt  (Har)
0	N2	-109.4191625801582	-108.9814582803147	-109.39987207881188	-0.01929050134631817
1	LiF	-107.30594205190478	-106.97904009260574	-107.29740278979521	-0.00853926210957022
2	ClH	-460.423453951006	-460.1003633107448	-460.41426849567364	-0.009185455332369204
3	H	-0.49981791563041994	-0.49981791563041966	-0.49981791563041994	None
4	N2O	-184.47881912482987	-183.7482610236514	-184.44239712803315	-0.03642199679671264
5	HON2	-184.9490151278089	-184.20368512300064	-184.91194849453413	-0.03706663327477958
6	OH	-75.66226710345306	-75.41883529012941	-75.65656750652813	-0.005699596924922084
7	CH3	-39.7839061996743	-39.577049698068166	-39.778894893265665	-0.0050113064086360765
8	CH4O	-115.43257745801908	-114.96604160932723	-115.41906901325483	-0.013508444764258939
9	FH	-100.36474186698946	-100.05733758826452	-100.35752534395381	-0.007216523035644906
10	F	-99.64090370770153	-99.40180901601862	-99.63670732274564	-0.004196384955884178
11	HF2	-199.83347024469643	-199.2606426036543	-199.81370468507004	-0.019765559626390938
12	Li	-7.4475967120819835	-7.432026884831437	-7.447579451221095	-1.7260860888328924e-05
13	C	-37.79908296667825	-37.690252507420496	-37.796818478803	-0.0022644878752483295
14	N	-54.533964139104604	-54.39889247897418	-54.53145416215015	-0.002509976954454115
15	O	-74.99416120454057	-74.80934013429183	-74.99083919612059	-0.003322008419985481
16	H	-0.49981791563042	-0.49981791563041966	-0.49981791563042	None
17	Cl	-459.7548399975844	-459.4771934240406	-459.7480187483306	-0.006821249253763992
18	F	-99.64090370770153	-99.40180901601862	-99.63670732274564	-0.004196384955884179
19	OH2OH2	-152.31270733401257	-151.73231581080785	-152.29490118824728	-0.01780614576529645
20	OH2OH2	-152.3330703550516	-151.7855006540135	-152.31905060114886	-0.014019753902750575
