#idx	atoms.symbols	etot  (Har)	ehf  (Har)	eccsd  (Har)	eccsdt  (Har)
0	LiF	-107.30594205182051	-106.97904009260577	-107.29740279000322	-0.00853926181728681
1	ClH	-460.42345395171657	-460.10036331074525	-460.41426849631506	-0.009185455401523313
2	OH	-75.66226710345315	-75.41883529012946	-75.65656750652822	-0.005699596924922266
3	N2	-109.41912930065544	-108.98179276765444	-109.39990273438812	-0.019226566267321606
4	HON2	-184.94901512780908	-184.20368512300087	-184.91194849453424	-0.03706663327484092
5	FH	-100.36474186576959	-100.05733758826466	-100.35752534285538	-0.0072165229142102235
6	F	-99.64090370770165	-99.40180901601873	-99.63670732274576	-0.0041963849558845825
7	HF2	-199.83347024469663	-199.2606426036546	-199.81370468507023	-0.019765559626390504
8	O	-74.99416120454057	-74.80934013429183	-74.99083919612059	-0.003322008419985905
9	H	-0.49981791563042005	-0.49981791563041994	-0.49981791563042005	None
10	F	-99.6409037077017	-99.40180901601877	-99.6367073227458	-0.0041963849558845825
11	Cl	-459.7548399975847	-459.4771934240408	-459.74801874833094	-0.006821249253766876
12	N	-54.53396413910468	-54.39889247897425	-54.531454162150226	-0.002509976954455104
13	Li	-7.447596712081987	-7.432026884831441	-7.447579451221099	-1.7260860888329056e-05
