#idx	atoms.symbols	etot  (Har)	ehf  (Har)	eccsd  (Har)	eccsdt  (Har)
0	LiF	-107.30594205258849	-106.97904009260589	-107.29740279071736	-0.008539261871136258
1	ClH	-460.4234539516814	-460.1003633107457	-460.4142684962811	-0.0091854554002464
2	H	-0.49981791563042005	-0.49981791563041994	-0.49981791563042005	None
3	N2O	-184.4788191277918	-183.74826102365145	-184.44239713016418	-0.03642199762761879
4	HON2	-184.94901512780916	-184.20368512300092	-184.91194849453433	-0.03706663327484461
5	OH	-75.66226710345315	-75.41883529012948	-75.65656750652822	-0.005699596924922361
6	N2	-109.41912930351185	-108.98179276765427	-109.39990273689611	-0.019226566615746656
7	HON2	-184.94901512780953	-184.20368512300126	-184.91194849453467	-0.03706663327485369
8	OH	-75.66226710345316	-75.41883529012948	-75.65656750652823	-0.005699596924922276
9	CH3	-39.78390619967424	-39.57704969806808	-39.77889489326561	-0.005011306408636483
10	CH4O	-115.43257745801945	-114.9660416093259	-115.41906901325521	-0.013508444764245332
11	FH	-100.36474186715444	-100.05733758826469	-100.35752534409717	-0.007216523057261325
12	F	-99.64090370770164	-99.40180901601872	-99.63670732274575	-0.004196384955884613
13	HF2	-199.83347024469666	-199.26064260365462	-199.81370468507026	-0.019765559626390476
14	Li	-7.2507995134877605	-7.2358395822601365	-7.2507995134877605	-2.531320733614666e-22
15	Li	-7.447596712081987	-7.432026884831441	-7.447579451221099	-1.7260860888329273e-05
16	O	-74.99416120454066	-74.80934013429193	-74.99083919612067	-0.0033220084199858967
17	C	-37.799082966678334	-37.69025250742057	-37.79681847880308	-0.002264487875248491
18	H	-0.49981791563042005	-0.49981791563041994	-0.49981791563042005	None
19	F	-99.64090370770163	-99.4018090160187	-99.63670732274574	-0.0041963849558846215
20	Cl	-459.754839997585	-459.47719342404116	-459.7480187483312	-0.00682124925376687
21	N	-54.53396413910464	-54.398892478974204	-54.53145416215018	-0.00250997695445532
22	Li	-7.447596712081991	-7.432026884831446	-7.447579451221102	-1.7260860888329222e-05
