#idx	atoms.symbols	etot  (Har)	ehf  (Har)	eccsd  (Har)	eccsdt  (Har)
0	LiF	-107.30594205187413	-106.97904009260574	-107.29740279005385	-0.00853926182028171
1	ClH	-460.42345395131406	-460.1003633107446	-460.4142684959561	-0.00918545535796348
2	OH	-75.662267103453	-75.41883529012935	-75.65656750652808	-0.005699596924922072
3	N2	-109.41912930564	-108.98179276765441	-109.39990273873941	-0.01922656690058439
4	HON2	-184.9490151278092	-184.20368512300092	-184.91194849453436	-0.037066633274822375
5	FH	-100.36474186640264	-100.05733758826447	-100.35752534342495	-0.007216522977679252
6	F	-99.64090370770153	-99.40180901601862	-99.63670732274564	-0.00419638495588418
7	HF2	-199.83347024469683	-199.26064260365465	-199.81370468507043	-0.019765559626390778
8	Li	-7.4475967120819835	-7.432026884831437	-7.447579451221095	-1.726086088832893e-05
9	O	-74.99416120454057	-74.80934013429183	-74.99083919612059	-0.003322008419985482
10	N	-54.533964139104604	-54.39889247897418	-54.53145416215015	-0.002509976954454114
11	H	-0.49981791563042	-0.49981791563041966	-0.49981791563042	None
12	Cl	-459.7548399975842	-459.4771934240404	-459.7480187483304	-0.006821249253764009
13	F	-99.64090370770153	-99.40180901601862	-99.63670732274564	-0.00419638495588418
14	OH2OH2	-152.31270733401263	-151.73231581080788	-152.29490118824734	-0.01780614576529745
15	OH2OH2	-152.33307035505155	-151.7855006540135	-152.3190506011488	-0.014019753902750476
