#idx	atoms.symbols	etot  (Har)	ehf  (Har)	eccsd  (Har)	eccsdt  (Har)
0	N2	-109.41916258265782	-108.98145828031481	-109.39987208100447	-0.019290501653339297
1	LiF	-107.3059420504875	-106.97904009260569	-107.2974027886947	-0.008539261792805262
2	ClH	-460.42345395156053	-460.1003633107455	-460.41426849616767	-0.00918545539285811
3	H	-0.49981791563042005	-0.49981791563041994	-0.49981791563042005	None
4	N2O	-184.47881912750324	-183.7482610236515	-184.44239713013573	-0.03642199736752065
5	HON2	-184.9490151278091	-184.2036851230008	-184.91194849453422	-0.03706663327487649
6	OH	-75.66226710345315	-75.41883529012945	-75.65656750652822	-0.0056995969249223075
7	CH3	-39.78390619967433	-39.577049698068166	-39.778894893265694	-0.005011306408636537
8	CH4O	-115.43257745801948	-114.96604160932593	-115.41906901325524	-0.01350844476424385
9	FH	-100.36474186553808	-100.05733758826477	-100.357525342635	-0.007216522903081394
10	F	-99.6409037077017	-99.40180901601877	-99.6367073227458	-0.004196384955884632
11	HF2	-199.83347024469683	-199.2606426036548	-199.81370468507043	-0.019765559626390396
12	O	-74.99416120454065	-74.8093401342919	-74.99083919612066	-0.0033220084199858304
13	C	-37.79908296667829	-37.690252507420524	-37.79681847880304	-0.0022644878752485055
14	H	-0.49981791563042005	-0.49981791563041994	-0.49981791563042005	None
15	F	-99.64090370770178	-99.40180901601886	-99.63670732274589	-0.004196384955884624
16	Cl	-459.7548399975846	-459.4771934240407	-459.7480187483308	-0.006821249253766905
17	N	-54.533964139104654	-54.39889247897422	-54.5314541621502	-0.002509976954454133
18	Li	-7.447596712081987	-7.432026884831441	-7.447579451221099	-1.7260860888329175e-05
